=== ОТЧЕТ 2026-03-12 15:26:29.216665 ===

Алгоритм: HermiteStrategy | (346, 403) -> (749, 488)
№    | X    | Y    | Alpha  | Info
-------------------------------------------------------
0    | 346  | 403  | 1.00   | Hermite
1    | 346  | 403  | 1.00   | Hermite
2    | 346  | 403  | 1.00   | Hermite
3    | 346  | 403  | 1.00   | Hermite
4    | 346  | 403  | 1.00   | Hermite
5    | 346  | 403  | 1.00   | Hermite
6    | 346  | 403  | 1.00   | Hermite
7    | 346  | 403  | 1.00   | Hermite
8    | 346  | 403  | 1.00   | Hermite
9    | 346  | 403  | 1.00   | Hermite
10   | 346  | 403  | 1.00   | Hermite
11   | 346  | 403  | 1.00   | Hermite
12   | 346  | 403  | 1.00   | Hermite
13   | 346  | 403  | 1.00   | Hermite
14   | 346  | 403  | 1.00   | Hermite
15   | 346  | 403  | 1.00   | Hermite
16   | 346  | 403  | 1.00   | Hermite
17   | 346  | 403  | 1.00   | Hermite
18   | 346  | 403  | 1.00   | Hermite
19   | 346  | 403  | 1.00   | Hermite
20   | 346  | 403  | 1.00   | Hermite
21   | 347  | 403  | 1.00   | Hermite
22   | 347  | 403  | 1.00   | Hermite
23   | 347  | 403  | 1.00   | Hermite
24   | 347  | 403  | 1.00   | Hermite
25   | 347  | 403  | 1.00   | Hermite
26   | 347  | 403  | 1.00   | Hermite
27   | 347  | 403  | 1.00   | Hermite
28   | 347  | 403  | 1.00   | Hermite
29   | 347  | 403  | 1.00   | Hermite
30   | 347  | 403  | 1.00   | Hermite
31   | 347  | 403  | 1.00   | Hermite
32   | 347  | 403  | 1.00   | Hermite
33   | 347  | 403  | 1.00   | Hermite
34   | 347  | 403  | 1.00   | Hermite
35   | 347  | 403  | 1.00   | Hermite
36   | 348  | 403  | 1.00   | Hermite
37   | 348  | 403  | 1.00   | Hermite
38   | 348  | 403  | 1.00   | Hermite
39   | 348  | 403  | 1.00   | Hermite
40   | 348  | 403  | 1.00   | Hermite
41   | 348  | 403  | 1.00   | Hermite
42   | 348  | 403  | 1.00   | Hermite
43   | 348  | 403  | 1.00   | Hermite
44   | 348  | 404  | 1.00   | Hermite
45   | 348  | 404  | 1.00   | Hermite
46   | 348  | 404  | 1.00   | Hermite
47   | 349  | 404  | 1.00   | Hermite
48   | 349  | 404  | 1.00   | Hermite
49   | 349  | 404  | 1.00   | Hermite
50   | 349  | 404  | 1.00   | Hermite
51   | 349  | 404  | 1.00   | Hermite
52   | 349  | 404  | 1.00   | Hermite
53   | 349  | 404  | 1.00   | Hermite
54   | 349  | 404  | 1.00   | Hermite
55   | 350  | 404  | 1.00   | Hermite
56   | 350  | 404  | 1.00   | Hermite
57   | 350  | 404  | 1.00   | Hermite
58   | 350  | 404  | 1.00   | Hermite
59   | 350  | 404  | 1.00   | Hermite
60   | 350  | 404  | 1.00   | Hermite
61   | 350  | 404  | 1.00   | Hermite
62   | 350  | 404  | 1.00   | Hermite
63   | 351  | 404  | 1.00   | Hermite
64   | 351  | 404  | 1.00   | Hermite
65   | 351  | 404  | 1.00   | Hermite
66   | 351  | 404  | 1.00   | Hermite
67   | 351  | 404  | 1.00   | Hermite
68   | 351  | 404  | 1.00   | Hermite
69   | 351  | 404  | 1.00   | Hermite
70   | 352  | 404  | 1.00   | Hermite
71   | 352  | 404  | 1.00   | Hermite
72   | 352  | 404  | 1.00   | Hermite
73   | 352  | 404  | 1.00   | Hermite
74   | 352  | 404  | 1.00   | Hermite
75   | 352  | 404  | 1.00   | Hermite
76   | 353  | 404  | 1.00   | Hermite
77   | 353  | 404  | 1.00   | Hermite
78   | 353  | 405  | 1.00   | Hermite
79   | 353  | 405  | 1.00   | Hermite
80   | 353  | 405  | 1.00   | Hermite
81   | 353  | 405  | 1.00   | Hermite
82   | 354  | 405  | 1.00   | Hermite
83   | 354  | 405  | 1.00   | Hermite
84   | 354  | 405  | 1.00   | Hermite
85   | 354  | 405  | 1.00   | Hermite
86   | 354  | 405  | 1.00   | Hermite
87   | 355  | 405  | 1.00   | Hermite
88   | 355  | 405  | 1.00   | Hermite
89   | 355  | 405  | 1.00   | Hermite
90   | 355  | 405  | 1.00   | Hermite
91   | 355  | 405  | 1.00   | Hermite
92   | 356  | 405  | 1.00   | Hermite
93   | 356  | 405  | 1.00   | Hermite
94   | 356  | 405  | 1.00   | Hermite
95   | 356  | 405  | 1.00   | Hermite
96   | 356  | 405  | 1.00   | Hermite
97   | 357  | 405  | 1.00   | Hermite
98   | 357  | 405  | 1.00   | Hermite
99   | 357  | 405  | 1.00   | Hermite
100  | 357  | 405  | 1.00   | Hermite
101  | 357  | 406  | 1.00   | Hermite
102  | 358  | 406  | 1.00   | Hermite
103  | 358  | 406  | 1.00   | Hermite
104  | 358  | 406  | 1.00   | Hermite
105  | 358  | 406  | 1.00   | Hermite
106  | 359  | 406  | 1.00   | Hermite
107  | 359  | 406  | 1.00   | Hermite
108  | 359  | 406  | 1.00   | Hermite
109  | 359  | 406  | 1.00   | Hermite
110  | 360  | 406  | 1.00   | Hermite
111  | 360  | 406  | 1.00   | Hermite
112  | 360  | 406  | 1.00   | Hermite
113  | 360  | 406  | 1.00   | Hermite
114  | 361  | 406  | 1.00   | Hermite
115  | 361  | 406  | 1.00   | Hermite
116  | 361  | 406  | 1.00   | Hermite
117  | 361  | 406  | 1.00   | Hermite
118  | 361  | 406  | 1.00   | Hermite
119  | 362  | 406  | 1.00   | Hermite
120  | 362  | 406  | 1.00   | Hermite
121  | 362  | 407  | 1.00   | Hermite
122  | 363  | 407  | 1.00   | Hermite
123  | 363  | 407  | 1.00   | Hermite
124  | 363  | 407  | 1.00   | Hermite
125  | 363  | 407  | 1.00   | Hermite
126  | 364  | 407  | 1.00   | Hermite
127  | 364  | 407  | 1.00   | Hermite
128  | 364  | 407  | 1.00   | Hermite
129  | 364  | 407  | 1.00   | Hermite
130  | 365  | 407  | 1.00   | Hermite
131  | 365  | 407  | 1.00   | Hermite
132  | 365  | 407  | 1.00   | Hermite
133  | 365  | 407  | 1.00   | Hermite
134  | 366  | 407  | 1.00   | Hermite
135  | 366  | 407  | 1.00   | Hermite
136  | 366  | 407  | 1.00   | Hermite
137  | 367  | 407  | 1.00   | Hermite
138  | 367  | 408  | 1.00   | Hermite
139  | 367  | 408  | 1.00   | Hermite
140  | 367  | 408  | 1.00   | Hermite
141  | 368  | 408  | 1.00   | Hermite
142  | 368  | 408  | 1.00   | Hermite
143  | 368  | 408  | 1.00   | Hermite
144  | 369  | 408  | 1.00   | Hermite
145  | 369  | 408  | 1.00   | Hermite
146  | 369  | 408  | 1.00   | Hermite
147  | 370  | 408  | 1.00   | Hermite
148  | 370  | 408  | 1.00   | Hermite
149  | 370  | 408  | 1.00   | Hermite
150  | 370  | 408  | 1.00   | Hermite
151  | 371  | 408  | 1.00   | Hermite
152  | 371  | 408  | 1.00   | Hermite
153  | 371  | 408  | 1.00   | Hermite
154  | 372  | 409  | 1.00   | Hermite
155  | 372  | 409  | 1.00   | Hermite
156  | 372  | 409  | 1.00   | Hermite
157  | 373  | 409  | 1.00   | Hermite
158  | 373  | 409  | 1.00   | Hermite
159  | 373  | 409  | 1.00   | Hermite
160  | 374  | 409  | 1.00   | Hermite
161  | 374  | 409  | 1.00   | Hermite
162  | 374  | 409  | 1.00   | Hermite
163  | 375  | 409  | 1.00   | Hermite
164  | 375  | 409  | 1.00   | Hermite
165  | 375  | 409  | 1.00   | Hermite
166  | 376  | 409  | 1.00   | Hermite
167  | 376  | 409  | 1.00   | Hermite
168  | 376  | 410  | 1.00   | Hermite
169  | 377  | 410  | 1.00   | Hermite
170  | 377  | 410  | 1.00   | Hermite
171  | 377  | 410  | 1.00   | Hermite
172  | 378  | 410  | 1.00   | Hermite
173  | 378  | 410  | 1.00   | Hermite
174  | 378  | 410  | 1.00   | Hermite
175  | 379  | 410  | 1.00   | Hermite
176  | 379  | 410  | 1.00   | Hermite
177  | 379  | 410  | 1.00   | Hermite
178  | 380  | 410  | 1.00   | Hermite
179  | 380  | 410  | 1.00   | Hermite
180  | 380  | 410  | 1.00   | Hermite
181  | 381  | 410  | 1.00   | Hermite
182  | 381  | 411  | 1.00   | Hermite
183  | 382  | 411  | 1.00   | Hermite
184  | 382  | 411  | 1.00   | Hermite
185  | 382  | 411  | 1.00   | Hermite
186  | 383  | 411  | 1.00   | Hermite
187  | 383  | 411  | 1.00   | Hermite
188  | 383  | 411  | 1.00   | Hermite
189  | 384  | 411  | 1.00   | Hermite
190  | 384  | 411  | 1.00   | Hermite
191  | 384  | 411  | 1.00   | Hermite
192  | 385  | 411  | 1.00   | Hermite
193  | 385  | 411  | 1.00   | Hermite
194  | 386  | 411  | 1.00   | Hermite
195  | 386  | 412  | 1.00   | Hermite
196  | 386  | 412  | 1.00   | Hermite
197  | 387  | 412  | 1.00   | Hermite
198  | 387  | 412  | 1.00   | Hermite
199  | 387  | 412  | 1.00   | Hermite
200  | 388  | 412  | 1.00   | Hermite
201  | 388  | 412  | 1.00   | Hermite
202  | 389  | 412  | 1.00   | Hermite
203  | 389  | 412  | 1.00   | Hermite
204  | 389  | 412  | 1.00   | Hermite
205  | 390  | 412  | 1.00   | Hermite
206  | 390  | 412  | 1.00   | Hermite
207  | 391  | 413  | 1.00   | Hermite
208  | 391  | 413  | 1.00   | Hermite
209  | 391  | 413  | 1.00   | Hermite
210  | 392  | 413  | 1.00   | Hermite
211  | 392  | 413  | 1.00   | Hermite
212  | 393  | 413  | 1.00   | Hermite
213  | 393  | 413  | 1.00   | Hermite
214  | 393  | 413  | 1.00   | Hermite
215  | 394  | 413  | 1.00   | Hermite
216  | 394  | 413  | 1.00   | Hermite
217  | 395  | 413  | 1.00   | Hermite
218  | 395  | 413  | 1.00   | Hermite
219  | 395  | 414  | 1.00   | Hermite
220  | 396  | 414  | 1.00   | Hermite
221  | 396  | 414  | 1.00   | Hermite
222  | 397  | 414  | 1.00   | Hermite
223  | 397  | 414  | 1.00   | Hermite
224  | 398  | 414  | 1.00   | Hermite
225  | 398  | 414  | 1.00   | Hermite
226  | 398  | 414  | 1.00   | Hermite
227  | 399  | 414  | 1.00   | Hermite
228  | 399  | 414  | 1.00   | Hermite
229  | 400  | 414  | 1.00   | Hermite
230  | 400  | 415  | 1.00   | Hermite
231  | 401  | 415  | 1.00   | Hermite
232  | 401  | 415  | 1.00   | Hermite
233  | 401  | 415  | 1.00   | Hermite
234  | 402  | 415  | 1.00   | Hermite
235  | 402  | 415  | 1.00   | Hermite
236  | 403  | 415  | 1.00   | Hermite
237  | 403  | 415  | 1.00   | Hermite
238  | 404  | 415  | 1.00   | Hermite
239  | 404  | 415  | 1.00   | Hermite
240  | 404  | 415  | 1.00   | Hermite
241  | 405  | 416  | 1.00   | Hermite
242  | 405  | 416  | 1.00   | Hermite
243  | 406  | 416  | 1.00   | Hermite
244  | 406  | 416  | 1.00   | Hermite
245  | 407  | 416  | 1.00   | Hermite
246  | 407  | 416  | 1.00   | Hermite
247  | 408  | 416  | 1.00   | Hermite
248  | 408  | 416  | 1.00   | Hermite
249  | 408  | 416  | 1.00   | Hermite
250  | 409  | 416  | 1.00   | Hermite
251  | 409  | 417  | 1.00   | Hermite
252  | 410  | 417  | 1.00   | Hermite
253  | 410  | 417  | 1.00   | Hermite
254  | 411  | 417  | 1.00   | Hermite
255  | 411  | 417  | 1.00   | Hermite
256  | 412  | 417  | 1.00   | Hermite
257  | 412  | 417  | 1.00   | Hermite
258  | 413  | 417  | 1.00   | Hermite
259  | 413  | 417  | 1.00   | Hermite
260  | 414  | 417  | 1.00   | Hermite
261  | 414  | 417  | 1.00   | Hermite
262  | 414  | 418  | 1.00   | Hermite
263  | 415  | 418  | 1.00   | Hermite
264  | 415  | 418  | 1.00   | Hermite
265  | 416  | 418  | 1.00   | Hermite
266  | 416  | 418  | 1.00   | Hermite
267  | 417  | 418  | 1.00   | Hermite
268  | 417  | 418  | 1.00   | Hermite
269  | 418  | 418  | 1.00   | Hermite
270  | 418  | 418  | 1.00   | Hermite
271  | 419  | 418  | 1.00   | Hermite
272  | 419  | 419  | 1.00   | Hermite
273  | 420  | 419  | 1.00   | Hermite
274  | 420  | 419  | 1.00   | Hermite
275  | 421  | 419  | 1.00   | Hermite
276  | 421  | 419  | 1.00   | Hermite
277  | 422  | 419  | 1.00   | Hermite
278  | 422  | 419  | 1.00   | Hermite
279  | 423  | 419  | 1.00   | Hermite
280  | 423  | 419  | 1.00   | Hermite
281  | 424  | 420  | 1.00   | Hermite
282  | 424  | 420  | 1.00   | Hermite
283  | 425  | 420  | 1.00   | Hermite
284  | 425  | 420  | 1.00   | Hermite
285  | 425  | 420  | 1.00   | Hermite
286  | 426  | 420  | 1.00   | Hermite
287  | 426  | 420  | 1.00   | Hermite
288  | 427  | 420  | 1.00   | Hermite
289  | 427  | 420  | 1.00   | Hermite
290  | 428  | 420  | 1.00   | Hermite
291  | 428  | 421  | 1.00   | Hermite
292  | 429  | 421  | 1.00   | Hermite
293  | 429  | 421  | 1.00   | Hermite
294  | 430  | 421  | 1.00   | Hermite
295  | 430  | 421  | 1.00   | Hermite
296  | 431  | 421  | 1.00   | Hermite
297  | 431  | 421  | 1.00   | Hermite
298  | 432  | 421  | 1.00   | Hermite
299  | 432  | 421  | 1.00   | Hermite
300  | 433  | 422  | 1.00   | Hermite
301  | 433  | 422  | 1.00   | Hermite
302  | 434  | 422  | 1.00   | Hermite
303  | 435  | 422  | 1.00   | Hermite
304  | 435  | 422  | 1.00   | Hermite
305  | 436  | 422  | 1.00   | Hermite
306  | 436  | 422  | 1.00   | Hermite
307  | 437  | 422  | 1.00   | Hermite
308  | 437  | 422  | 1.00   | Hermite
309  | 438  | 422  | 1.00   | Hermite
310  | 438  | 423  | 1.00   | Hermite
311  | 439  | 423  | 1.00   | Hermite
312  | 439  | 423  | 1.00   | Hermite
313  | 440  | 423  | 1.00   | Hermite
314  | 440  | 423  | 1.00   | Hermite
315  | 441  | 423  | 1.00   | Hermite
316  | 441  | 423  | 1.00   | Hermite
317  | 442  | 423  | 1.00   | Hermite
318  | 442  | 423  | 1.00   | Hermite
319  | 443  | 424  | 1.00   | Hermite
320  | 443  | 424  | 1.00   | Hermite
321  | 444  | 424  | 1.00   | Hermite
322  | 444  | 424  | 1.00   | Hermite
323  | 445  | 424  | 1.00   | Hermite
324  | 445  | 424  | 1.00   | Hermite
325  | 446  | 424  | 1.00   | Hermite
326  | 446  | 424  | 1.00   | Hermite
327  | 447  | 424  | 1.00   | Hermite
328  | 448  | 425  | 1.00   | Hermite
329  | 448  | 425  | 1.00   | Hermite
330  | 449  | 425  | 1.00   | Hermite
331  | 449  | 425  | 1.00   | Hermite
332  | 450  | 425  | 1.00   | Hermite
333  | 450  | 425  | 1.00   | Hermite
334  | 451  | 425  | 1.00   | Hermite
335  | 451  | 425  | 1.00   | Hermite
336  | 452  | 425  | 1.00   | Hermite
337  | 452  | 426  | 1.00   | Hermite
338  | 453  | 426  | 1.00   | Hermite
339  | 453  | 426  | 1.00   | Hermite
340  | 454  | 426  | 1.00   | Hermite
341  | 455  | 426  | 1.00   | Hermite
342  | 455  | 426  | 1.00   | Hermite
343  | 456  | 426  | 1.00   | Hermite
344  | 456  | 426  | 1.00   | Hermite
345  | 457  | 427  | 1.00   | Hermite
346  | 457  | 427  | 1.00   | Hermite
347  | 458  | 427  | 1.00   | Hermite
348  | 458  | 427  | 1.00   | Hermite
349  | 459  | 427  | 1.00   | Hermite
350  | 459  | 427  | 1.00   | Hermite
351  | 460  | 427  | 1.00   | Hermite
352  | 461  | 427  | 1.00   | Hermite
353  | 461  | 427  | 1.00   | Hermite
354  | 462  | 428  | 1.00   | Hermite
355  | 462  | 428  | 1.00   | Hermite
356  | 463  | 428  | 1.00   | Hermite
357  | 463  | 428  | 1.00   | Hermite
358  | 464  | 428  | 1.00   | Hermite
359  | 464  | 428  | 1.00   | Hermite
360  | 465  | 428  | 1.00   | Hermite
361  | 466  | 428  | 1.00   | Hermite
362  | 466  | 428  | 1.00   | Hermite
363  | 467  | 429  | 1.00   | Hermite
364  | 467  | 429  | 1.00   | Hermite
365  | 468  | 429  | 1.00   | Hermite
366  | 468  | 429  | 1.00   | Hermite
367  | 469  | 429  | 1.00   | Hermite
368  | 469  | 429  | 1.00   | Hermite
369  | 470  | 429  | 1.00   | Hermite
370  | 471  | 429  | 1.00   | Hermite
371  | 471  | 430  | 1.00   | Hermite
372  | 472  | 430  | 1.00   | Hermite
373  | 472  | 430  | 1.00   | Hermite
374  | 473  | 430  | 1.00   | Hermite
375  | 473  | 430  | 1.00   | Hermite
376  | 474  | 430  | 1.00   | Hermite
377  | 475  | 430  | 1.00   | Hermite
378  | 475  | 430  | 1.00   | Hermite
379  | 476  | 431  | 1.00   | Hermite
380  | 476  | 431  | 1.00   | Hermite
381  | 477  | 431  | 1.00   | Hermite
382  | 477  | 431  | 1.00   | Hermite
383  | 478  | 431  | 1.00   | Hermite
384  | 479  | 431  | 1.00   | Hermite
385  | 479  | 431  | 1.00   | Hermite
386  | 480  | 431  | 1.00   | Hermite
387  | 480  | 431  | 1.00   | Hermite
388  | 481  | 432  | 1.00   | Hermite
389  | 481  | 432  | 1.00   | Hermite
390  | 482  | 432  | 1.00   | Hermite
391  | 483  | 432  | 1.00   | Hermite
392  | 483  | 432  | 1.00   | Hermite
393  | 484  | 432  | 1.00   | Hermite
394  | 484  | 432  | 1.00   | Hermite
395  | 485  | 432  | 1.00   | Hermite
396  | 485  | 433  | 1.00   | Hermite
397  | 486  | 433  | 1.00   | Hermite
398  | 487  | 433  | 1.00   | Hermite
399  | 487  | 433  | 1.00   | Hermite
400  | 488  | 433  | 1.00   | Hermite
401  | 488  | 433  | 1.00   | Hermite
402  | 489  | 433  | 1.00   | Hermite
403  | 490  | 433  | 1.00   | Hermite
404  | 490  | 434  | 1.00   | Hermite
405  | 491  | 434  | 1.00   | Hermite
406  | 491  | 434  | 1.00   | Hermite
407  | 492  | 434  | 1.00   | Hermite
408  | 492  | 434  | 1.00   | Hermite
409  | 493  | 434  | 1.00   | Hermite
410  | 494  | 434  | 1.00   | Hermite
411  | 494  | 434  | 1.00   | Hermite
412  | 495  | 435  | 1.00   | Hermite
413  | 495  | 435  | 1.00   | Hermite
414  | 496  | 435  | 1.00   | Hermite
415  | 497  | 435  | 1.00   | Hermite
416  | 497  | 435  | 1.00   | Hermite
417  | 498  | 435  | 1.00   | Hermite
418  | 498  | 435  | 1.00   | Hermite
419  | 499  | 435  | 1.00   | Hermite
420  | 499  | 436  | 1.00   | Hermite
421  | 500  | 436  | 1.00   | Hermite
422  | 501  | 436  | 1.00   | Hermite
423  | 501  | 436  | 1.00   | Hermite
424  | 502  | 436  | 1.00   | Hermite
425  | 502  | 436  | 1.00   | Hermite
426  | 503  | 436  | 1.00   | Hermite
427  | 504  | 436  | 1.00   | Hermite
428  | 504  | 437  | 1.00   | Hermite
429  | 505  | 437  | 1.00   | Hermite
430  | 505  | 437  | 1.00   | Hermite
431  | 506  | 437  | 1.00   | Hermite
432  | 507  | 437  | 1.00   | Hermite
433  | 507  | 437  | 1.00   | Hermite
434  | 508  | 437  | 1.00   | Hermite
435  | 508  | 437  | 1.00   | Hermite
436  | 509  | 438  | 1.00   | Hermite
437  | 510  | 438  | 1.00   | Hermite
438  | 510  | 438  | 1.00   | Hermite
439  | 511  | 438  | 1.00   | Hermite
440  | 511  | 438  | 1.00   | Hermite
441  | 512  | 438  | 1.00   | Hermite
442  | 512  | 438  | 1.00   | Hermite
443  | 513  | 438  | 1.00   | Hermite
444  | 514  | 439  | 1.00   | Hermite
445  | 514  | 439  | 1.00   | Hermite
446  | 515  | 439  | 1.00   | Hermite
447  | 515  | 439  | 1.00   | Hermite
448  | 516  | 439  | 1.00   | Hermite
449  | 517  | 439  | 1.00   | Hermite
450  | 517  | 439  | 1.00   | Hermite
451  | 518  | 439  | 1.00   | Hermite
452  | 518  | 440  | 1.00   | Hermite
453  | 519  | 440  | 1.00   | Hermite
454  | 520  | 440  | 1.00   | Hermite
455  | 520  | 440  | 1.00   | Hermite
456  | 521  | 440  | 1.00   | Hermite
457  | 521  | 440  | 1.00   | Hermite
458  | 522  | 440  | 1.00   | Hermite
459  | 523  | 440  | 1.00   | Hermite
460  | 523  | 441  | 1.00   | Hermite
461  | 524  | 441  | 1.00   | Hermite
462  | 524  | 441  | 1.00   | Hermite
463  | 525  | 441  | 1.00   | Hermite
464  | 526  | 441  | 1.00   | Hermite
465  | 526  | 441  | 1.00   | Hermite
466  | 527  | 441  | 1.00   | Hermite
467  | 527  | 441  | 1.00   | Hermite
468  | 528  | 442  | 1.00   | Hermite
469  | 529  | 442  | 1.00   | Hermite
470  | 529  | 442  | 1.00   | Hermite
471  | 530  | 442  | 1.00   | Hermite
472  | 530  | 442  | 1.00   | Hermite
473  | 531  | 442  | 1.00   | Hermite
474  | 532  | 442  | 1.00   | Hermite
475  | 532  | 442  | 1.00   | Hermite
476  | 533  | 443  | 1.00   | Hermite
477  | 533  | 443  | 1.00   | Hermite
478  | 534  | 443  | 1.00   | Hermite
479  | 535  | 443  | 1.00   | Hermite
480  | 535  | 443  | 1.00   | Hermite
481  | 536  | 443  | 1.00   | Hermite
482  | 537  | 443  | 1.00   | Hermite
483  | 537  | 443  | 1.00   | Hermite
484  | 538  | 444  | 1.00   | Hermite
485  | 538  | 444  | 1.00   | Hermite
486  | 539  | 444  | 1.00   | Hermite
487  | 540  | 444  | 1.00   | Hermite
488  | 540  | 444  | 1.00   | Hermite
489  | 541  | 444  | 1.00   | Hermite
490  | 541  | 444  | 1.00   | Hermite
491  | 542  | 444  | 1.00   | Hermite
492  | 543  | 445  | 1.00   | Hermite
493  | 543  | 445  | 1.00   | Hermite
494  | 544  | 445  | 1.00   | Hermite
495  | 544  | 445  | 1.00   | Hermite
496  | 545  | 445  | 1.00   | Hermite
497  | 546  | 445  | 1.00   | Hermite
498  | 546  | 445  | 1.00   | Hermite
499  | 547  | 445  | 1.00   | Hermite
500  | 547  | 446  | 1.00   | Hermite
501  | 548  | 446  | 1.00   | Hermite
502  | 549  | 446  | 1.00   | Hermite
503  | 549  | 446  | 1.00   | Hermite
504  | 550  | 446  | 1.00   | Hermite
505  | 550  | 446  | 1.00   | Hermite
506  | 551  | 446  | 1.00   | Hermite
507  | 552  | 447  | 1.00   | Hermite
508  | 552  | 447  | 1.00   | Hermite
509  | 553  | 447  | 1.00   | Hermite
510  | 553  | 447  | 1.00   | Hermite
511  | 554  | 447  | 1.00   | Hermite
512  | 555  | 447  | 1.00   | Hermite
513  | 555  | 447  | 1.00   | Hermite
514  | 556  | 447  | 1.00   | Hermite
515  | 556  | 448  | 1.00   | Hermite
516  | 557  | 448  | 1.00   | Hermite
517  | 558  | 448  | 1.00   | Hermite
518  | 558  | 448  | 1.00   | Hermite
519  | 559  | 448  | 1.00   | Hermite
520  | 559  | 448  | 1.00   | Hermite
521  | 560  | 448  | 1.00   | Hermite
522  | 561  | 448  | 1.00   | Hermite
523  | 561  | 449  | 1.00   | Hermite
524  | 562  | 449  | 1.00   | Hermite
525  | 562  | 449  | 1.00   | Hermite
526  | 563  | 449  | 1.00   | Hermite
527  | 564  | 449  | 1.00   | Hermite
528  | 564  | 449  | 1.00   | Hermite
529  | 565  | 449  | 1.00   | Hermite
530  | 565  | 449  | 1.00   | Hermite
531  | 566  | 450  | 1.00   | Hermite
532  | 567  | 450  | 1.00   | Hermite
533  | 567  | 450  | 1.00   | Hermite
534  | 568  | 450  | 1.00   | Hermite
535  | 568  | 450  | 1.00   | Hermite
536  | 569  | 450  | 1.00   | Hermite
537  | 570  | 450  | 1.00   | Hermite
538  | 570  | 450  | 1.00   | Hermite
539  | 571  | 451  | 1.00   | Hermite
540  | 571  | 451  | 1.00   | Hermite
541  | 572  | 451  | 1.00   | Hermite
542  | 573  | 451  | 1.00   | Hermite
543  | 573  | 451  | 1.00   | Hermite
544  | 574  | 451  | 1.00   | Hermite
545  | 574  | 451  | 1.00   | Hermite
546  | 575  | 451  | 1.00   | Hermite
547  | 576  | 452  | 1.00   | Hermite
548  | 576  | 452  | 1.00   | Hermite
549  | 577  | 452  | 1.00   | Hermite
550  | 577  | 452  | 1.00   | Hermite
551  | 578  | 452  | 1.00   | Hermite
552  | 579  | 452  | 1.00   | Hermite
553  | 579  | 452  | 1.00   | Hermite
554  | 580  | 452  | 1.00   | Hermite
555  | 580  | 453  | 1.00   | Hermite
556  | 581  | 453  | 1.00   | Hermite
557  | 582  | 453  | 1.00   | Hermite
558  | 582  | 453  | 1.00   | Hermite
559  | 583  | 453  | 1.00   | Hermite
560  | 583  | 453  | 1.00   | Hermite
561  | 584  | 453  | 1.00   | Hermite
562  | 585  | 453  | 1.00   | Hermite
563  | 585  | 454  | 1.00   | Hermite
564  | 586  | 454  | 1.00   | Hermite
565  | 586  | 454  | 1.00   | Hermite
566  | 587  | 454  | 1.00   | Hermite
567  | 588  | 454  | 1.00   | Hermite
568  | 588  | 454  | 1.00   | Hermite
569  | 589  | 454  | 1.00   | Hermite
570  | 589  | 454  | 1.00   | Hermite
571  | 590  | 455  | 1.00   | Hermite
572  | 591  | 455  | 1.00   | Hermite
573  | 591  | 455  | 1.00   | Hermite
574  | 592  | 455  | 1.00   | Hermite
575  | 592  | 455  | 1.00   | Hermite
576  | 593  | 455  | 1.00   | Hermite
577  | 594  | 455  | 1.00   | Hermite
578  | 594  | 455  | 1.00   | Hermite
579  | 595  | 456  | 1.00   | Hermite
580  | 595  | 456  | 1.00   | Hermite
581  | 596  | 456  | 1.00   | Hermite
582  | 596  | 456  | 1.00   | Hermite
583  | 597  | 456  | 1.00   | Hermite
584  | 598  | 456  | 1.00   | Hermite
585  | 598  | 456  | 1.00   | Hermite
586  | 599  | 456  | 1.00   | Hermite
587  | 599  | 457  | 1.00   | Hermite
588  | 600  | 457  | 1.00   | Hermite
589  | 601  | 457  | 1.00   | Hermite
590  | 601  | 457  | 1.00   | Hermite
591  | 602  | 457  | 1.00   | Hermite
592  | 602  | 457  | 1.00   | Hermite
593  | 603  | 457  | 1.00   | Hermite
594  | 604  | 457  | 1.00   | Hermite
595  | 604  | 458  | 1.00   | Hermite
596  | 605  | 458  | 1.00   | Hermite
597  | 605  | 458  | 1.00   | Hermite
598  | 606  | 458  | 1.00   | Hermite
599  | 606  | 458  | 1.00   | Hermite
600  | 607  | 458  | 1.00   | Hermite
601  | 608  | 458  | 1.00   | Hermite
602  | 608  | 458  | 1.00   | Hermite
603  | 609  | 459  | 1.00   | Hermite
604  | 609  | 459  | 1.00   | Hermite
605  | 610  | 459  | 1.00   | Hermite
606  | 610  | 459  | 1.00   | Hermite
607  | 611  | 459  | 1.00   | Hermite
608  | 612  | 459  | 1.00   | Hermite
609  | 612  | 459  | 1.00   | Hermite
610  | 613  | 459  | 1.00   | Hermite
611  | 613  | 460  | 1.00   | Hermite
612  | 614  | 460  | 1.00   | Hermite
613  | 615  | 460  | 1.00   | Hermite
614  | 615  | 460  | 1.00   | Hermite
615  | 616  | 460  | 1.00   | Hermite
616  | 616  | 460  | 1.00   | Hermite
617  | 617  | 460  | 1.00   | Hermite
618  | 617  | 460  | 1.00   | Hermite
619  | 618  | 460  | 1.00   | Hermite
620  | 619  | 461  | 1.00   | Hermite
621  | 619  | 461  | 1.00   | Hermite
622  | 620  | 461  | 1.00   | Hermite
623  | 620  | 461  | 1.00   | Hermite
624  | 621  | 461  | 1.00   | Hermite
625  | 621  | 461  | 1.00   | Hermite
626  | 622  | 461  | 1.00   | Hermite
627  | 622  | 461  | 1.00   | Hermite
628  | 623  | 462  | 1.00   | Hermite
629  | 624  | 462  | 1.00   | Hermite
630  | 624  | 462  | 1.00   | Hermite
631  | 625  | 462  | 1.00   | Hermite
632  | 625  | 462  | 1.00   | Hermite
633  | 626  | 462  | 1.00   | Hermite
634  | 626  | 462  | 1.00   | Hermite
635  | 627  | 462  | 1.00   | Hermite
636  | 628  | 462  | 1.00   | Hermite
637  | 628  | 463  | 1.00   | Hermite
638  | 629  | 463  | 1.00   | Hermite
639  | 629  | 463  | 1.00   | Hermite
640  | 630  | 463  | 1.00   | Hermite
641  | 630  | 463  | 1.00   | Hermite
642  | 631  | 463  | 1.00   | Hermite
643  | 631  | 463  | 1.00   | Hermite
644  | 632  | 463  | 1.00   | Hermite
645  | 633  | 464  | 1.00   | Hermite
646  | 633  | 464  | 1.00   | Hermite
647  | 634  | 464  | 1.00   | Hermite
648  | 634  | 464  | 1.00   | Hermite
649  | 635  | 464  | 1.00   | Hermite
650  | 635  | 464  | 1.00   | Hermite
651  | 636  | 464  | 1.00   | Hermite
652  | 636  | 464  | 1.00   | Hermite
653  | 637  | 464  | 1.00   | Hermite
654  | 638  | 465  | 1.00   | Hermite
655  | 638  | 465  | 1.00   | Hermite
656  | 639  | 465  | 1.00   | Hermite
657  | 639  | 465  | 1.00   | Hermite
658  | 640  | 465  | 1.00   | Hermite
659  | 640  | 465  | 1.00   | Hermite
660  | 641  | 465  | 1.00   | Hermite
661  | 641  | 465  | 1.00   | Hermite
662  | 642  | 466  | 1.00   | Hermite
663  | 642  | 466  | 1.00   | Hermite
664  | 643  | 466  | 1.00   | Hermite
665  | 643  | 466  | 1.00   | Hermite
666  | 644  | 466  | 1.00   | Hermite
667  | 645  | 466  | 1.00   | Hermite
668  | 645  | 466  | 1.00   | Hermite
669  | 646  | 466  | 1.00   | Hermite
670  | 646  | 466  | 1.00   | Hermite
671  | 647  | 467  | 1.00   | Hermite
672  | 647  | 467  | 1.00   | Hermite
673  | 648  | 467  | 1.00   | Hermite
674  | 648  | 467  | 1.00   | Hermite
675  | 649  | 467  | 1.00   | Hermite
676  | 649  | 467  | 1.00   | Hermite
677  | 650  | 467  | 1.00   | Hermite
678  | 650  | 467  | 1.00   | Hermite
679  | 651  | 467  | 1.00   | Hermite
680  | 651  | 468  | 1.00   | Hermite
681  | 652  | 468  | 1.00   | Hermite
682  | 653  | 468  | 1.00   | Hermite
683  | 653  | 468  | 1.00   | Hermite
684  | 654  | 468  | 1.00   | Hermite
685  | 654  | 468  | 1.00   | Hermite
686  | 655  | 468  | 1.00   | Hermite
687  | 655  | 468  | 1.00   | Hermite
688  | 656  | 468  | 1.00   | Hermite
689  | 656  | 469  | 1.00   | Hermite
690  | 657  | 469  | 1.00   | Hermite
691  | 657  | 469  | 1.00   | Hermite
692  | 658  | 469  | 1.00   | Hermite
693  | 658  | 469  | 1.00   | Hermite
694  | 659  | 469  | 1.00   | Hermite
695  | 659  | 469  | 1.00   | Hermite
696  | 660  | 469  | 1.00   | Hermite
697  | 660  | 469  | 1.00   | Hermite
698  | 661  | 469  | 1.00   | Hermite
699  | 661  | 470  | 1.00   | Hermite
700  | 662  | 470  | 1.00   | Hermite
701  | 662  | 470  | 1.00   | Hermite
702  | 663  | 470  | 1.00   | Hermite
703  | 663  | 470  | 1.00   | Hermite
704  | 664  | 470  | 1.00   | Hermite
705  | 664  | 470  | 1.00   | Hermite
706  | 665  | 470  | 1.00   | Hermite
707  | 665  | 470  | 1.00   | Hermite
708  | 666  | 471  | 1.00   | Hermite
709  | 666  | 471  | 1.00   | Hermite
710  | 667  | 471  | 1.00   | Hermite
711  | 667  | 471  | 1.00   | Hermite
712  | 668  | 471  | 1.00   | Hermite
713  | 668  | 471  | 1.00   | Hermite
714  | 669  | 471  | 1.00   | Hermite
715  | 669  | 471  | 1.00   | Hermite
716  | 670  | 471  | 1.00   | Hermite
717  | 670  | 471  | 1.00   | Hermite
718  | 671  | 472  | 1.00   | Hermite
719  | 671  | 472  | 1.00   | Hermite
720  | 672  | 472  | 1.00   | Hermite
721  | 672  | 472  | 1.00   | Hermite
722  | 673  | 472  | 1.00   | Hermite
723  | 673  | 472  | 1.00   | Hermite
724  | 674  | 472  | 1.00   | Hermite
725  | 674  | 472  | 1.00   | Hermite
726  | 675  | 472  | 1.00   | Hermite
727  | 675  | 473  | 1.00   | Hermite
728  | 676  | 473  | 1.00   | Hermite
729  | 676  | 473  | 1.00   | Hermite
730  | 677  | 473  | 1.00   | Hermite
731  | 677  | 473  | 1.00   | Hermite
732  | 678  | 473  | 1.00   | Hermite
733  | 678  | 473  | 1.00   | Hermite
734  | 678  | 473  | 1.00   | Hermite
735  | 679  | 473  | 1.00   | Hermite
736  | 679  | 473  | 1.00   | Hermite
737  | 680  | 474  | 1.00   | Hermite
738  | 680  | 474  | 1.00   | Hermite
739  | 681  | 474  | 1.00   | Hermite
740  | 681  | 474  | 1.00   | Hermite
741  | 682  | 474  | 1.00   | Hermite
742  | 682  | 474  | 1.00   | Hermite
743  | 683  | 474  | 1.00   | Hermite
744  | 683  | 474  | 1.00   | Hermite
745  | 684  | 474  | 1.00   | Hermite
746  | 684  | 474  | 1.00   | Hermite
747  | 685  | 474  | 1.00   | Hermite
748  | 685  | 475  | 1.00   | Hermite
749  | 685  | 475  | 1.00   | Hermite
750  | 686  | 475  | 1.00   | Hermite
751  | 686  | 475  | 1.00   | Hermite
752  | 687  | 475  | 1.00   | Hermite
753  | 687  | 475  | 1.00   | Hermite
754  | 688  | 475  | 1.00   | Hermite
755  | 688  | 475  | 1.00   | Hermite
756  | 689  | 475  | 1.00   | Hermite
757  | 689  | 475  | 1.00   | Hermite
758  | 689  | 476  | 1.00   | Hermite
759  | 690  | 476  | 1.00   | Hermite
760  | 690  | 476  | 1.00   | Hermite
761  | 691  | 476  | 1.00   | Hermite
762  | 691  | 476  | 1.00   | Hermite
763  | 692  | 476  | 1.00   | Hermite
764  | 692  | 476  | 1.00   | Hermite
765  | 693  | 476  | 1.00   | Hermite
766  | 693  | 476  | 1.00   | Hermite
767  | 693  | 476  | 1.00   | Hermite
768  | 694  | 476  | 1.00   | Hermite
769  | 694  | 477  | 1.00   | Hermite
770  | 695  | 477  | 1.00   | Hermite
771  | 695  | 477  | 1.00   | Hermite
772  | 696  | 477  | 1.00   | Hermite
773  | 696  | 477  | 1.00   | Hermite
774  | 696  | 477  | 1.00   | Hermite
775  | 697  | 477  | 1.00   | Hermite
776  | 697  | 477  | 1.00   | Hermite
777  | 698  | 477  | 1.00   | Hermite
778  | 698  | 477  | 1.00   | Hermite
779  | 699  | 477  | 1.00   | Hermite
780  | 699  | 478  | 1.00   | Hermite
781  | 699  | 478  | 1.00   | Hermite
782  | 700  | 478  | 1.00   | Hermite
783  | 700  | 478  | 1.00   | Hermite
784  | 701  | 478  | 1.00   | Hermite
785  | 701  | 478  | 1.00   | Hermite
786  | 701  | 478  | 1.00   | Hermite
787  | 702  | 478  | 1.00   | Hermite
788  | 702  | 478  | 1.00   | Hermite
789  | 703  | 478  | 1.00   | Hermite
790  | 703  | 478  | 1.00   | Hermite
791  | 703  | 478  | 1.00   | Hermite
792  | 704  | 479  | 1.00   | Hermite
793  | 704  | 479  | 1.00   | Hermite
794  | 705  | 479  | 1.00   | Hermite
795  | 705  | 479  | 1.00   | Hermite
796  | 705  | 479  | 1.00   | Hermite
797  | 706  | 479  | 1.00   | Hermite
798  | 706  | 479  | 1.00   | Hermite
799  | 707  | 479  | 1.00   | Hermite
800  | 707  | 479  | 1.00   | Hermite
801  | 707  | 479  | 1.00   | Hermite
802  | 708  | 479  | 1.00   | Hermite
803  | 708  | 479  | 1.00   | Hermite
804  | 708  | 480  | 1.00   | Hermite
805  | 709  | 480  | 1.00   | Hermite
806  | 709  | 480  | 1.00   | Hermite
807  | 710  | 480  | 1.00   | Hermite
808  | 710  | 480  | 1.00   | Hermite
809  | 710  | 480  | 1.00   | Hermite
810  | 711  | 480  | 1.00   | Hermite
811  | 711  | 480  | 1.00   | Hermite
812  | 712  | 480  | 1.00   | Hermite
813  | 712  | 480  | 1.00   | Hermite
814  | 712  | 480  | 1.00   | Hermite
815  | 713  | 480  | 1.00   | Hermite
816  | 713  | 480  | 1.00   | Hermite
817  | 713  | 481  | 1.00   | Hermite
818  | 714  | 481  | 1.00   | Hermite
819  | 714  | 481  | 1.00   | Hermite
820  | 714  | 481  | 1.00   | Hermite
821  | 715  | 481  | 1.00   | Hermite
822  | 715  | 481  | 1.00   | Hermite
823  | 715  | 481  | 1.00   | Hermite
824  | 716  | 481  | 1.00   | Hermite
825  | 716  | 481  | 1.00   | Hermite
826  | 717  | 481  | 1.00   | Hermite
827  | 717  | 481  | 1.00   | Hermite
828  | 717  | 481  | 1.00   | Hermite
829  | 718  | 481  | 1.00   | Hermite
830  | 718  | 481  | 1.00   | Hermite
831  | 718  | 482  | 1.00   | Hermite
832  | 719  | 482  | 1.00   | Hermite
833  | 719  | 482  | 1.00   | Hermite
834  | 719  | 482  | 1.00   | Hermite
835  | 720  | 482  | 1.00   | Hermite
836  | 720  | 482  | 1.00   | Hermite
837  | 720  | 482  | 1.00   | Hermite
838  | 721  | 482  | 1.00   | Hermite
839  | 721  | 482  | 1.00   | Hermite
840  | 721  | 482  | 1.00   | Hermite
841  | 722  | 482  | 1.00   | Hermite
842  | 722  | 482  | 1.00   | Hermite
843  | 722  | 482  | 1.00   | Hermite
844  | 723  | 482  | 1.00   | Hermite
845  | 723  | 483  | 1.00   | Hermite
846  | 723  | 483  | 1.00   | Hermite
847  | 723  | 483  | 1.00   | Hermite
848  | 724  | 483  | 1.00   | Hermite
849  | 724  | 483  | 1.00   | Hermite
850  | 724  | 483  | 1.00   | Hermite
851  | 725  | 483  | 1.00   | Hermite
852  | 725  | 483  | 1.00   | Hermite
853  | 725  | 483  | 1.00   | Hermite
854  | 726  | 483  | 1.00   | Hermite
855  | 726  | 483  | 1.00   | Hermite
856  | 726  | 483  | 1.00   | Hermite
857  | 727  | 483  | 1.00   | Hermite
858  | 727  | 483  | 1.00   | Hermite
859  | 727  | 483  | 1.00   | Hermite
860  | 727  | 483  | 1.00   | Hermite
861  | 728  | 484  | 1.00   | Hermite
862  | 728  | 484  | 1.00   | Hermite
863  | 728  | 484  | 1.00   | Hermite
864  | 729  | 484  | 1.00   | Hermite
865  | 729  | 484  | 1.00   | Hermite
866  | 729  | 484  | 1.00   | Hermite
867  | 729  | 484  | 1.00   | Hermite
868  | 730  | 484  | 1.00   | Hermite
869  | 730  | 484  | 1.00   | Hermite
870  | 730  | 484  | 1.00   | Hermite
871  | 731  | 484  | 1.00   | Hermite
872  | 731  | 484  | 1.00   | Hermite
873  | 731  | 484  | 1.00   | Hermite
874  | 731  | 484  | 1.00   | Hermite
875  | 732  | 484  | 1.00   | Hermite
876  | 732  | 484  | 1.00   | Hermite
877  | 732  | 484  | 1.00   | Hermite
878  | 732  | 485  | 1.00   | Hermite
879  | 733  | 485  | 1.00   | Hermite
880  | 733  | 485  | 1.00   | Hermite
881  | 733  | 485  | 1.00   | Hermite
882  | 733  | 485  | 1.00   | Hermite
883  | 734  | 485  | 1.00   | Hermite
884  | 734  | 485  | 1.00   | Hermite
885  | 734  | 485  | 1.00   | Hermite
886  | 734  | 485  | 1.00   | Hermite
887  | 735  | 485  | 1.00   | Hermite
888  | 735  | 485  | 1.00   | Hermite
889  | 735  | 485  | 1.00   | Hermite
890  | 735  | 485  | 1.00   | Hermite
891  | 736  | 485  | 1.00   | Hermite
892  | 736  | 485  | 1.00   | Hermite
893  | 736  | 485  | 1.00   | Hermite
894  | 736  | 485  | 1.00   | Hermite
895  | 737  | 485  | 1.00   | Hermite
896  | 737  | 485  | 1.00   | Hermite
897  | 737  | 485  | 1.00   | Hermite
898  | 737  | 486  | 1.00   | Hermite
899  | 737  | 486  | 1.00   | Hermite
900  | 738  | 486  | 1.00   | Hermite
901  | 738  | 486  | 1.00   | Hermite
902  | 738  | 486  | 1.00   | Hermite
903  | 738  | 486  | 1.00   | Hermite
904  | 738  | 486  | 1.00   | Hermite
905  | 739  | 486  | 1.00   | Hermite
906  | 739  | 486  | 1.00   | Hermite
907  | 739  | 486  | 1.00   | Hermite
908  | 739  | 486  | 1.00   | Hermite
909  | 740  | 486  | 1.00   | Hermite
910  | 740  | 486  | 1.00   | Hermite
911  | 740  | 486  | 1.00   | Hermite
912  | 740  | 486  | 1.00   | Hermite
913  | 740  | 486  | 1.00   | Hermite
914  | 740  | 486  | 1.00   | Hermite
915  | 741  | 486  | 1.00   | Hermite
916  | 741  | 486  | 1.00   | Hermite
917  | 741  | 486  | 1.00   | Hermite
918  | 741  | 486  | 1.00   | Hermite
919  | 741  | 486  | 1.00   | Hermite
920  | 742  | 486  | 1.00   | Hermite
921  | 742  | 486  | 1.00   | Hermite
922  | 742  | 487  | 1.00   | Hermite
923  | 742  | 487  | 1.00   | Hermite
924  | 742  | 487  | 1.00   | Hermite
925  | 742  | 487  | 1.00   | Hermite
926  | 743  | 487  | 1.00   | Hermite
927  | 743  | 487  | 1.00   | Hermite
928  | 743  | 487  | 1.00   | Hermite
929  | 743  | 487  | 1.00   | Hermite
930  | 743  | 487  | 1.00   | Hermite
931  | 743  | 487  | 1.00   | Hermite
932  | 744  | 487  | 1.00   | Hermite
933  | 744  | 487  | 1.00   | Hermite
934  | 744  | 487  | 1.00   | Hermite
935  | 744  | 487  | 1.00   | Hermite
936  | 744  | 487  | 1.00   | Hermite
937  | 744  | 487  | 1.00   | Hermite
938  | 744  | 487  | 1.00   | Hermite
939  | 745  | 487  | 1.00   | Hermite
940  | 745  | 487  | 1.00   | Hermite
941  | 745  | 487  | 1.00   | Hermite
942  | 745  | 487  | 1.00   | Hermite
943  | 745  | 487  | 1.00   | Hermite
944  | 745  | 487  | 1.00   | Hermite
945  | 745  | 487  | 1.00   | Hermite
946  | 746  | 487  | 1.00   | Hermite
947  | 746  | 487  | 1.00   | Hermite
948  | 746  | 487  | 1.00   | Hermite
949  | 746  | 487  | 1.00   | Hermite
950  | 746  | 487  | 1.00   | Hermite
951  | 746  | 487  | 1.00   | Hermite
952  | 746  | 487  | 1.00   | Hermite
953  | 746  | 487  | 1.00   | Hermite
954  | 746  | 487  | 1.00   | Hermite
955  | 747  | 488  | 1.00   | Hermite
956  | 747  | 488  | 1.00   | Hermite
957  | 747  | 488  | 1.00   | Hermite
958  | 747  | 488  | 1.00   | Hermite
959  | 747  | 488  | 1.00   | Hermite
960  | 747  | 488  | 1.00   | Hermite
961  | 747  | 488  | 1.00   | Hermite
962  | 747  | 488  | 1.00   | Hermite
963  | 747  | 488  | 1.00   | Hermite
964  | 747  | 488  | 1.00   | Hermite
965  | 748  | 488  | 1.00   | Hermite
966  | 748  | 488  | 1.00   | Hermite
967  | 748  | 488  | 1.00   | Hermite
968  | 748  | 488  | 1.00   | Hermite
969  | 748  | 488  | 1.00   | Hermite
970  | 748  | 488  | 1.00   | Hermite
971  | 748  | 488  | 1.00   | Hermite
972  | 748  | 488  | 1.00   | Hermite
973  | 748  | 488  | 1.00   | Hermite
974  | 748  | 488  | 1.00   | Hermite
975  | 748  | 488  | 1.00   | Hermite
976  | 748  | 488  | 1.00   | Hermite
977  | 748  | 488  | 1.00   | Hermite
978  | 748  | 488  | 1.00   | Hermite
979  | 748  | 488  | 1.00   | Hermite
980  | 749  | 488  | 1.00   | Hermite
981  | 749  | 488  | 1.00   | Hermite
982  | 749  | 488  | 1.00   | Hermite
983  | 749  | 488  | 1.00   | Hermite
984  | 749  | 488  | 1.00   | Hermite
985  | 749  | 488  | 1.00   | Hermite
986  | 749  | 488  | 1.00   | Hermite
987  | 749  | 488  | 1.00   | Hermite
988  | 749  | 488  | 1.00   | Hermite
989  | 749  | 488  | 1.00   | Hermite
990  | 749  | 488  | 1.00   | Hermite
991  | 749  | 488  | 1.00   | Hermite
992  | 749  | 488  | 1.00   | Hermite
993  | 749  | 488  | 1.00   | Hermite
994  | 749  | 488  | 1.00   | Hermite
995  | 749  | 488  | 1.00   | Hermite
996  | 749  | 488  | 1.00   | Hermite
997  | 749  | 488  | 1.00   | Hermite
998  | 749  | 488  | 1.00   | Hermite
999  | 749  | 488  | 1.00   | Hermite
1000 | 749  | 488  | 1.00   | Hermite
=======================================================

Алгоритм: HermiteStrategy | (620, 83) -> (1228, 429)
№    | X    | Y    | Alpha  | Info
-------------------------------------------------------
0    | 620  | 83   | 1.00   | Hermite
1    | 620  | 83   | 1.00   | Hermite
2    | 620  | 83   | 1.00   | Hermite
3    | 620  | 83   | 1.00   | Hermite
4    | 620  | 83   | 1.00   | Hermite
5    | 620  | 83   | 1.00   | Hermite
6    | 620  | 83   | 1.00   | Hermite
7    | 620  | 83   | 1.00   | Hermite
8    | 620  | 83   | 1.00   | Hermite
9    | 620  | 83   | 1.00   | Hermite
10   | 620  | 83   | 1.00   | Hermite
11   | 620  | 83   | 1.00   | Hermite
12   | 620  | 83   | 1.00   | Hermite
13   | 620  | 83   | 1.00   | Hermite
14   | 620  | 83   | 1.00   | Hermite
15   | 620  | 83   | 1.00   | Hermite
16   | 620  | 83   | 1.00   | Hermite
17   | 621  | 83   | 1.00   | Hermite
18   | 621  | 83   | 1.00   | Hermite
19   | 621  | 83   | 1.00   | Hermite
20   | 621  | 83   | 1.00   | Hermite
21   | 621  | 83   | 1.00   | Hermite
22   | 621  | 84   | 1.00   | Hermite
23   | 621  | 84   | 1.00   | Hermite
24   | 621  | 84   | 1.00   | Hermite
25   | 621  | 84   | 1.00   | Hermite
26   | 621  | 84   | 1.00   | Hermite
27   | 621  | 84   | 1.00   | Hermite
28   | 621  | 84   | 1.00   | Hermite
29   | 622  | 84   | 1.00   | Hermite
30   | 622  | 84   | 1.00   | Hermite
31   | 622  | 84   | 1.00   | Hermite
32   | 622  | 84   | 1.00   | Hermite
33   | 622  | 84   | 1.00   | Hermite
34   | 622  | 84   | 1.00   | Hermite
35   | 622  | 84   | 1.00   | Hermite
36   | 622  | 84   | 1.00   | Hermite
37   | 622  | 84   | 1.00   | Hermite
38   | 623  | 84   | 1.00   | Hermite
39   | 623  | 85   | 1.00   | Hermite
40   | 623  | 85   | 1.00   | Hermite
41   | 623  | 85   | 1.00   | Hermite
42   | 623  | 85   | 1.00   | Hermite
43   | 623  | 85   | 1.00   | Hermite
44   | 623  | 85   | 1.00   | Hermite
45   | 624  | 85   | 1.00   | Hermite
46   | 624  | 85   | 1.00   | Hermite
47   | 624  | 85   | 1.00   | Hermite
48   | 624  | 85   | 1.00   | Hermite
49   | 624  | 85   | 1.00   | Hermite
50   | 624  | 86   | 1.00   | Hermite
51   | 625  | 86   | 1.00   | Hermite
52   | 625  | 86   | 1.00   | Hermite
53   | 625  | 86   | 1.00   | Hermite
54   | 625  | 86   | 1.00   | Hermite
55   | 625  | 86   | 1.00   | Hermite
56   | 626  | 86   | 1.00   | Hermite
57   | 626  | 86   | 1.00   | Hermite
58   | 626  | 86   | 1.00   | Hermite
59   | 626  | 87   | 1.00   | Hermite
60   | 626  | 87   | 1.00   | Hermite
61   | 627  | 87   | 1.00   | Hermite
62   | 627  | 87   | 1.00   | Hermite
63   | 627  | 87   | 1.00   | Hermite
64   | 627  | 87   | 1.00   | Hermite
65   | 627  | 87   | 1.00   | Hermite
66   | 628  | 87   | 1.00   | Hermite
67   | 628  | 88   | 1.00   | Hermite
68   | 628  | 88   | 1.00   | Hermite
69   | 628  | 88   | 1.00   | Hermite
70   | 629  | 88   | 1.00   | Hermite
71   | 629  | 88   | 1.00   | Hermite
72   | 629  | 88   | 1.00   | Hermite
73   | 629  | 88   | 1.00   | Hermite
74   | 630  | 88   | 1.00   | Hermite
75   | 630  | 89   | 1.00   | Hermite
76   | 630  | 89   | 1.00   | Hermite
77   | 630  | 89   | 1.00   | Hermite
78   | 631  | 89   | 1.00   | Hermite
79   | 631  | 89   | 1.00   | Hermite
80   | 631  | 89   | 1.00   | Hermite
81   | 631  | 90   | 1.00   | Hermite
82   | 632  | 90   | 1.00   | Hermite
83   | 632  | 90   | 1.00   | Hermite
84   | 632  | 90   | 1.00   | Hermite
85   | 632  | 90   | 1.00   | Hermite
86   | 633  | 90   | 1.00   | Hermite
87   | 633  | 90   | 1.00   | Hermite
88   | 633  | 91   | 1.00   | Hermite
89   | 634  | 91   | 1.00   | Hermite
90   | 634  | 91   | 1.00   | Hermite
91   | 634  | 91   | 1.00   | Hermite
92   | 635  | 91   | 1.00   | Hermite
93   | 635  | 91   | 1.00   | Hermite
94   | 635  | 92   | 1.00   | Hermite
95   | 635  | 92   | 1.00   | Hermite
96   | 636  | 92   | 1.00   | Hermite
97   | 636  | 92   | 1.00   | Hermite
98   | 636  | 92   | 1.00   | Hermite
99   | 637  | 93   | 1.00   | Hermite
100  | 637  | 93   | 1.00   | Hermite
101  | 637  | 93   | 1.00   | Hermite
102  | 638  | 93   | 1.00   | Hermite
103  | 638  | 93   | 1.00   | Hermite
104  | 638  | 94   | 1.00   | Hermite
105  | 639  | 94   | 1.00   | Hermite
106  | 639  | 94   | 1.00   | Hermite
107  | 639  | 94   | 1.00   | Hermite
108  | 640  | 94   | 1.00   | Hermite
109  | 640  | 95   | 1.00   | Hermite
110  | 641  | 95   | 1.00   | Hermite
111  | 641  | 95   | 1.00   | Hermite
112  | 641  | 95   | 1.00   | Hermite
113  | 642  | 95   | 1.00   | Hermite
114  | 642  | 96   | 1.00   | Hermite
115  | 642  | 96   | 1.00   | Hermite
116  | 643  | 96   | 1.00   | Hermite
117  | 643  | 96   | 1.00   | Hermite
118  | 643  | 96   | 1.00   | Hermite
119  | 644  | 97   | 1.00   | Hermite
120  | 644  | 97   | 1.00   | Hermite
121  | 645  | 97   | 1.00   | Hermite
122  | 645  | 97   | 1.00   | Hermite
123  | 645  | 97   | 1.00   | Hermite
124  | 646  | 98   | 1.00   | Hermite
125  | 646  | 98   | 1.00   | Hermite
126  | 647  | 98   | 1.00   | Hermite
127  | 647  | 98   | 1.00   | Hermite
128  | 647  | 99   | 1.00   | Hermite
129  | 648  | 99   | 1.00   | Hermite
130  | 648  | 99   | 1.00   | Hermite
131  | 649  | 99   | 1.00   | Hermite
132  | 649  | 100  | 1.00   | Hermite
133  | 649  | 100  | 1.00   | Hermite
134  | 650  | 100  | 1.00   | Hermite
135  | 650  | 100  | 1.00   | Hermite
136  | 651  | 101  | 1.00   | Hermite
137  | 651  | 101  | 1.00   | Hermite
138  | 652  | 101  | 1.00   | Hermite
139  | 652  | 101  | 1.00   | Hermite
140  | 653  | 102  | 1.00   | Hermite
141  | 653  | 102  | 1.00   | Hermite
142  | 653  | 102  | 1.00   | Hermite
143  | 654  | 102  | 1.00   | Hermite
144  | 654  | 103  | 1.00   | Hermite
145  | 655  | 103  | 1.00   | Hermite
146  | 655  | 103  | 1.00   | Hermite
147  | 656  | 103  | 1.00   | Hermite
148  | 656  | 104  | 1.00   | Hermite
149  | 657  | 104  | 1.00   | Hermite
150  | 657  | 104  | 1.00   | Hermite
151  | 657  | 104  | 1.00   | Hermite
152  | 658  | 105  | 1.00   | Hermite
153  | 658  | 105  | 1.00   | Hermite
154  | 659  | 105  | 1.00   | Hermite
155  | 659  | 105  | 1.00   | Hermite
156  | 660  | 106  | 1.00   | Hermite
157  | 660  | 106  | 1.00   | Hermite
158  | 661  | 106  | 1.00   | Hermite
159  | 661  | 107  | 1.00   | Hermite
160  | 662  | 107  | 1.00   | Hermite
161  | 662  | 107  | 1.00   | Hermite
162  | 663  | 107  | 1.00   | Hermite
163  | 663  | 108  | 1.00   | Hermite
164  | 664  | 108  | 1.00   | Hermite
165  | 664  | 108  | 1.00   | Hermite
166  | 665  | 109  | 1.00   | Hermite
167  | 665  | 109  | 1.00   | Hermite
168  | 666  | 109  | 1.00   | Hermite
169  | 666  | 109  | 1.00   | Hermite
170  | 667  | 110  | 1.00   | Hermite
171  | 667  | 110  | 1.00   | Hermite
172  | 668  | 110  | 1.00   | Hermite
173  | 668  | 111  | 1.00   | Hermite
174  | 669  | 111  | 1.00   | Hermite
175  | 669  | 111  | 1.00   | Hermite
176  | 670  | 111  | 1.00   | Hermite
177  | 670  | 112  | 1.00   | Hermite
178  | 671  | 112  | 1.00   | Hermite
179  | 672  | 112  | 1.00   | Hermite
180  | 672  | 113  | 1.00   | Hermite
181  | 673  | 113  | 1.00   | Hermite
182  | 673  | 113  | 1.00   | Hermite
183  | 674  | 114  | 1.00   | Hermite
184  | 674  | 114  | 1.00   | Hermite
185  | 675  | 114  | 1.00   | Hermite
186  | 675  | 115  | 1.00   | Hermite
187  | 676  | 115  | 1.00   | Hermite
188  | 676  | 115  | 1.00   | Hermite
189  | 677  | 116  | 1.00   | Hermite
190  | 678  | 116  | 1.00   | Hermite
191  | 678  | 116  | 1.00   | Hermite
192  | 679  | 116  | 1.00   | Hermite
193  | 679  | 117  | 1.00   | Hermite
194  | 680  | 117  | 1.00   | Hermite
195  | 680  | 117  | 1.00   | Hermite
196  | 681  | 118  | 1.00   | Hermite
197  | 682  | 118  | 1.00   | Hermite
198  | 682  | 118  | 1.00   | Hermite
199  | 683  | 119  | 1.00   | Hermite
200  | 683  | 119  | 1.00   | Hermite
201  | 684  | 119  | 1.00   | Hermite
202  | 684  | 120  | 1.00   | Hermite
203  | 685  | 120  | 1.00   | Hermite
204  | 686  | 120  | 1.00   | Hermite
205  | 686  | 121  | 1.00   | Hermite
206  | 687  | 121  | 1.00   | Hermite
207  | 687  | 121  | 1.00   | Hermite
208  | 688  | 122  | 1.00   | Hermite
209  | 689  | 122  | 1.00   | Hermite
210  | 689  | 122  | 1.00   | Hermite
211  | 690  | 123  | 1.00   | Hermite
212  | 690  | 123  | 1.00   | Hermite
213  | 691  | 124  | 1.00   | Hermite
214  | 692  | 124  | 1.00   | Hermite
215  | 692  | 124  | 1.00   | Hermite
216  | 693  | 125  | 1.00   | Hermite
217  | 694  | 125  | 1.00   | Hermite
218  | 694  | 125  | 1.00   | Hermite
219  | 695  | 126  | 1.00   | Hermite
220  | 695  | 126  | 1.00   | Hermite
221  | 696  | 126  | 1.00   | Hermite
222  | 697  | 127  | 1.00   | Hermite
223  | 697  | 127  | 1.00   | Hermite
224  | 698  | 127  | 1.00   | Hermite
225  | 699  | 128  | 1.00   | Hermite
226  | 699  | 128  | 1.00   | Hermite
227  | 700  | 128  | 1.00   | Hermite
228  | 701  | 129  | 1.00   | Hermite
229  | 701  | 129  | 1.00   | Hermite
230  | 702  | 130  | 1.00   | Hermite
231  | 702  | 130  | 1.00   | Hermite
232  | 703  | 130  | 1.00   | Hermite
233  | 704  | 131  | 1.00   | Hermite
234  | 704  | 131  | 1.00   | Hermite
235  | 705  | 131  | 1.00   | Hermite
236  | 706  | 132  | 1.00   | Hermite
237  | 706  | 132  | 1.00   | Hermite
238  | 707  | 133  | 1.00   | Hermite
239  | 708  | 133  | 1.00   | Hermite
240  | 708  | 133  | 1.00   | Hermite
241  | 709  | 134  | 1.00   | Hermite
242  | 710  | 134  | 1.00   | Hermite
243  | 710  | 134  | 1.00   | Hermite
244  | 711  | 135  | 1.00   | Hermite
245  | 712  | 135  | 1.00   | Hermite
246  | 712  | 136  | 1.00   | Hermite
247  | 713  | 136  | 1.00   | Hermite
248  | 714  | 136  | 1.00   | Hermite
249  | 714  | 137  | 1.00   | Hermite
250  | 715  | 137  | 1.00   | Hermite
251  | 716  | 138  | 1.00   | Hermite
252  | 716  | 138  | 1.00   | Hermite
253  | 717  | 138  | 1.00   | Hermite
254  | 718  | 139  | 1.00   | Hermite
255  | 719  | 139  | 1.00   | Hermite
256  | 719  | 140  | 1.00   | Hermite
257  | 720  | 140  | 1.00   | Hermite
258  | 721  | 140  | 1.00   | Hermite
259  | 721  | 141  | 1.00   | Hermite
260  | 722  | 141  | 1.00   | Hermite
261  | 723  | 141  | 1.00   | Hermite
262  | 723  | 142  | 1.00   | Hermite
263  | 724  | 142  | 1.00   | Hermite
264  | 725  | 143  | 1.00   | Hermite
265  | 726  | 143  | 1.00   | Hermite
266  | 726  | 144  | 1.00   | Hermite
267  | 727  | 144  | 1.00   | Hermite
268  | 728  | 144  | 1.00   | Hermite
269  | 728  | 145  | 1.00   | Hermite
270  | 729  | 145  | 1.00   | Hermite
271  | 730  | 146  | 1.00   | Hermite
272  | 731  | 146  | 1.00   | Hermite
273  | 731  | 146  | 1.00   | Hermite
274  | 732  | 147  | 1.00   | Hermite
275  | 733  | 147  | 1.00   | Hermite
276  | 733  | 148  | 1.00   | Hermite
277  | 734  | 148  | 1.00   | Hermite
278  | 735  | 148  | 1.00   | Hermite
279  | 736  | 149  | 1.00   | Hermite
280  | 736  | 149  | 1.00   | Hermite
281  | 737  | 150  | 1.00   | Hermite
282  | 738  | 150  | 1.00   | Hermite
283  | 739  | 151  | 1.00   | Hermite
284  | 739  | 151  | 1.00   | Hermite
285  | 740  | 151  | 1.00   | Hermite
286  | 741  | 152  | 1.00   | Hermite
287  | 742  | 152  | 1.00   | Hermite
288  | 742  | 153  | 1.00   | Hermite
289  | 743  | 153  | 1.00   | Hermite
290  | 744  | 154  | 1.00   | Hermite
291  | 745  | 154  | 1.00   | Hermite
292  | 745  | 154  | 1.00   | Hermite
293  | 746  | 155  | 1.00   | Hermite
294  | 747  | 155  | 1.00   | Hermite
295  | 748  | 156  | 1.00   | Hermite
296  | 748  | 156  | 1.00   | Hermite
297  | 749  | 157  | 1.00   | Hermite
298  | 750  | 157  | 1.00   | Hermite
299  | 751  | 157  | 1.00   | Hermite
300  | 751  | 158  | 1.00   | Hermite
301  | 752  | 158  | 1.00   | Hermite
302  | 753  | 159  | 1.00   | Hermite
303  | 754  | 159  | 1.00   | Hermite
304  | 754  | 160  | 1.00   | Hermite
305  | 755  | 160  | 1.00   | Hermite
306  | 756  | 160  | 1.00   | Hermite
307  | 757  | 161  | 1.00   | Hermite
308  | 758  | 161  | 1.00   | Hermite
309  | 758  | 162  | 1.00   | Hermite
310  | 759  | 162  | 1.00   | Hermite
311  | 760  | 163  | 1.00   | Hermite
312  | 761  | 163  | 1.00   | Hermite
313  | 761  | 164  | 1.00   | Hermite
314  | 762  | 164  | 1.00   | Hermite
315  | 763  | 164  | 1.00   | Hermite
316  | 764  | 165  | 1.00   | Hermite
317  | 765  | 165  | 1.00   | Hermite
318  | 765  | 166  | 1.00   | Hermite
319  | 766  | 166  | 1.00   | Hermite
320  | 767  | 167  | 1.00   | Hermite
321  | 768  | 167  | 1.00   | Hermite
322  | 769  | 168  | 1.00   | Hermite
323  | 769  | 168  | 1.00   | Hermite
324  | 770  | 169  | 1.00   | Hermite
325  | 771  | 169  | 1.00   | Hermite
326  | 772  | 169  | 1.00   | Hermite
327  | 773  | 170  | 1.00   | Hermite
328  | 773  | 170  | 1.00   | Hermite
329  | 774  | 171  | 1.00   | Hermite
330  | 775  | 171  | 1.00   | Hermite
331  | 776  | 172  | 1.00   | Hermite
332  | 777  | 172  | 1.00   | Hermite
333  | 777  | 173  | 1.00   | Hermite
334  | 778  | 173  | 1.00   | Hermite
335  | 779  | 174  | 1.00   | Hermite
336  | 780  | 174  | 1.00   | Hermite
337  | 781  | 174  | 1.00   | Hermite
338  | 781  | 175  | 1.00   | Hermite
339  | 782  | 175  | 1.00   | Hermite
340  | 783  | 176  | 1.00   | Hermite
341  | 784  | 176  | 1.00   | Hermite
342  | 785  | 177  | 1.00   | Hermite
343  | 786  | 177  | 1.00   | Hermite
344  | 786  | 178  | 1.00   | Hermite
345  | 787  | 178  | 1.00   | Hermite
346  | 788  | 179  | 1.00   | Hermite
347  | 789  | 179  | 1.00   | Hermite
348  | 790  | 180  | 1.00   | Hermite
349  | 791  | 180  | 1.00   | Hermite
350  | 791  | 181  | 1.00   | Hermite
351  | 792  | 181  | 1.00   | Hermite
352  | 793  | 181  | 1.00   | Hermite
353  | 794  | 182  | 1.00   | Hermite
354  | 795  | 182  | 1.00   | Hermite
355  | 796  | 183  | 1.00   | Hermite
356  | 796  | 183  | 1.00   | Hermite
357  | 797  | 184  | 1.00   | Hermite
358  | 798  | 184  | 1.00   | Hermite
359  | 799  | 185  | 1.00   | Hermite
360  | 800  | 185  | 1.00   | Hermite
361  | 801  | 186  | 1.00   | Hermite
362  | 801  | 186  | 1.00   | Hermite
363  | 802  | 187  | 1.00   | Hermite
364  | 803  | 187  | 1.00   | Hermite
365  | 804  | 188  | 1.00   | Hermite
366  | 805  | 188  | 1.00   | Hermite
367  | 806  | 189  | 1.00   | Hermite
368  | 806  | 189  | 1.00   | Hermite
369  | 807  | 190  | 1.00   | Hermite
370  | 808  | 190  | 1.00   | Hermite
371  | 809  | 191  | 1.00   | Hermite
372  | 810  | 191  | 1.00   | Hermite
373  | 811  | 192  | 1.00   | Hermite
374  | 812  | 192  | 1.00   | Hermite
375  | 812  | 193  | 1.00   | Hermite
376  | 813  | 193  | 1.00   | Hermite
377  | 814  | 194  | 1.00   | Hermite
378  | 815  | 194  | 1.00   | Hermite
379  | 816  | 194  | 1.00   | Hermite
380  | 817  | 195  | 1.00   | Hermite
381  | 818  | 195  | 1.00   | Hermite
382  | 818  | 196  | 1.00   | Hermite
383  | 819  | 196  | 1.00   | Hermite
384  | 820  | 197  | 1.00   | Hermite
385  | 821  | 197  | 1.00   | Hermite
386  | 822  | 198  | 1.00   | Hermite
387  | 823  | 198  | 1.00   | Hermite
388  | 824  | 199  | 1.00   | Hermite
389  | 824  | 199  | 1.00   | Hermite
390  | 825  | 200  | 1.00   | Hermite
391  | 826  | 200  | 1.00   | Hermite
392  | 827  | 201  | 1.00   | Hermite
393  | 828  | 201  | 1.00   | Hermite
394  | 829  | 202  | 1.00   | Hermite
395  | 830  | 202  | 1.00   | Hermite
396  | 831  | 203  | 1.00   | Hermite
397  | 831  | 203  | 1.00   | Hermite
398  | 832  | 204  | 1.00   | Hermite
399  | 833  | 204  | 1.00   | Hermite
400  | 834  | 205  | 1.00   | Hermite
401  | 835  | 205  | 1.00   | Hermite
402  | 836  | 206  | 1.00   | Hermite
403  | 837  | 206  | 1.00   | Hermite
404  | 838  | 207  | 1.00   | Hermite
405  | 838  | 207  | 1.00   | Hermite
406  | 839  | 208  | 1.00   | Hermite
407  | 840  | 208  | 1.00   | Hermite
408  | 841  | 209  | 1.00   | Hermite
409  | 842  | 209  | 1.00   | Hermite
410  | 843  | 210  | 1.00   | Hermite
411  | 844  | 210  | 1.00   | Hermite
412  | 845  | 211  | 1.00   | Hermite
413  | 845  | 211  | 1.00   | Hermite
414  | 846  | 212  | 1.00   | Hermite
415  | 847  | 212  | 1.00   | Hermite
416  | 848  | 213  | 1.00   | Hermite
417  | 849  | 213  | 1.00   | Hermite
418  | 850  | 214  | 1.00   | Hermite
419  | 851  | 214  | 1.00   | Hermite
420  | 852  | 215  | 1.00   | Hermite
421  | 853  | 215  | 1.00   | Hermite
422  | 853  | 216  | 1.00   | Hermite
423  | 854  | 216  | 1.00   | Hermite
424  | 855  | 217  | 1.00   | Hermite
425  | 856  | 217  | 1.00   | Hermite
426  | 857  | 218  | 1.00   | Hermite
427  | 858  | 218  | 1.00   | Hermite
428  | 859  | 219  | 1.00   | Hermite
429  | 860  | 219  | 1.00   | Hermite
430  | 861  | 220  | 1.00   | Hermite
431  | 862  | 220  | 1.00   | Hermite
432  | 862  | 221  | 1.00   | Hermite
433  | 863  | 221  | 1.00   | Hermite
434  | 864  | 222  | 1.00   | Hermite
435  | 865  | 222  | 1.00   | Hermite
436  | 866  | 223  | 1.00   | Hermite
437  | 867  | 224  | 1.00   | Hermite
438  | 868  | 224  | 1.00   | Hermite
439  | 869  | 225  | 1.00   | Hermite
440  | 870  | 225  | 1.00   | Hermite
441  | 870  | 226  | 1.00   | Hermite
442  | 871  | 226  | 1.00   | Hermite
443  | 872  | 227  | 1.00   | Hermite
444  | 873  | 227  | 1.00   | Hermite
445  | 874  | 228  | 1.00   | Hermite
446  | 875  | 228  | 1.00   | Hermite
447  | 876  | 229  | 1.00   | Hermite
448  | 877  | 229  | 1.00   | Hermite
449  | 878  | 230  | 1.00   | Hermite
450  | 879  | 230  | 1.00   | Hermite
451  | 879  | 231  | 1.00   | Hermite
452  | 880  | 231  | 1.00   | Hermite
453  | 881  | 232  | 1.00   | Hermite
454  | 882  | 232  | 1.00   | Hermite
455  | 883  | 233  | 1.00   | Hermite
456  | 884  | 233  | 1.00   | Hermite
457  | 885  | 234  | 1.00   | Hermite
458  | 886  | 234  | 1.00   | Hermite
459  | 887  | 235  | 1.00   | Hermite
460  | 888  | 235  | 1.00   | Hermite
461  | 889  | 236  | 1.00   | Hermite
462  | 889  | 236  | 1.00   | Hermite
463  | 890  | 237  | 1.00   | Hermite
464  | 891  | 237  | 1.00   | Hermite
465  | 892  | 238  | 1.00   | Hermite
466  | 893  | 238  | 1.00   | Hermite
467  | 894  | 239  | 1.00   | Hermite
468  | 895  | 239  | 1.00   | Hermite
469  | 896  | 240  | 1.00   | Hermite
470  | 897  | 240  | 1.00   | Hermite
471  | 898  | 241  | 1.00   | Hermite
472  | 899  | 241  | 1.00   | Hermite
473  | 899  | 242  | 1.00   | Hermite
474  | 900  | 243  | 1.00   | Hermite
475  | 901  | 243  | 1.00   | Hermite
476  | 902  | 244  | 1.00   | Hermite
477  | 903  | 244  | 1.00   | Hermite
478  | 904  | 245  | 1.00   | Hermite
479  | 905  | 245  | 1.00   | Hermite
480  | 906  | 246  | 1.00   | Hermite
481  | 907  | 246  | 1.00   | Hermite
482  | 908  | 247  | 1.00   | Hermite
483  | 909  | 247  | 1.00   | Hermite
484  | 909  | 248  | 1.00   | Hermite
485  | 910  | 248  | 1.00   | Hermite
486  | 911  | 249  | 1.00   | Hermite
487  | 912  | 249  | 1.00   | Hermite
488  | 913  | 250  | 1.00   | Hermite
489  | 914  | 250  | 1.00   | Hermite
490  | 915  | 251  | 1.00   | Hermite
491  | 916  | 251  | 1.00   | Hermite
492  | 917  | 252  | 1.00   | Hermite
493  | 918  | 252  | 1.00   | Hermite
494  | 919  | 253  | 1.00   | Hermite
495  | 919  | 253  | 1.00   | Hermite
496  | 920  | 254  | 1.00   | Hermite
497  | 921  | 254  | 1.00   | Hermite
498  | 922  | 255  | 1.00   | Hermite
499  | 923  | 255  | 1.00   | Hermite
500  | 924  | 256  | 1.00   | Hermite
501  | 925  | 257  | 1.00   | Hermite
502  | 926  | 257  | 1.00   | Hermite
503  | 927  | 258  | 1.00   | Hermite
504  | 928  | 258  | 1.00   | Hermite
505  | 929  | 259  | 1.00   | Hermite
506  | 929  | 259  | 1.00   | Hermite
507  | 930  | 260  | 1.00   | Hermite
508  | 931  | 260  | 1.00   | Hermite
509  | 932  | 261  | 1.00   | Hermite
510  | 933  | 261  | 1.00   | Hermite
511  | 934  | 262  | 1.00   | Hermite
512  | 935  | 262  | 1.00   | Hermite
513  | 936  | 263  | 1.00   | Hermite
514  | 937  | 263  | 1.00   | Hermite
515  | 938  | 264  | 1.00   | Hermite
516  | 939  | 264  | 1.00   | Hermite
517  | 939  | 265  | 1.00   | Hermite
518  | 940  | 265  | 1.00   | Hermite
519  | 941  | 266  | 1.00   | Hermite
520  | 942  | 266  | 1.00   | Hermite
521  | 943  | 267  | 1.00   | Hermite
522  | 944  | 267  | 1.00   | Hermite
523  | 945  | 268  | 1.00   | Hermite
524  | 946  | 268  | 1.00   | Hermite
525  | 947  | 269  | 1.00   | Hermite
526  | 948  | 269  | 1.00   | Hermite
527  | 949  | 270  | 1.00   | Hermite
528  | 949  | 271  | 1.00   | Hermite
529  | 950  | 271  | 1.00   | Hermite
530  | 951  | 272  | 1.00   | Hermite
531  | 952  | 272  | 1.00   | Hermite
532  | 953  | 273  | 1.00   | Hermite
533  | 954  | 273  | 1.00   | Hermite
534  | 955  | 274  | 1.00   | Hermite
535  | 956  | 274  | 1.00   | Hermite
536  | 957  | 275  | 1.00   | Hermite
537  | 958  | 275  | 1.00   | Hermite
538  | 959  | 276  | 1.00   | Hermite
539  | 959  | 276  | 1.00   | Hermite
540  | 960  | 277  | 1.00   | Hermite
541  | 961  | 277  | 1.00   | Hermite
542  | 962  | 278  | 1.00   | Hermite
543  | 963  | 278  | 1.00   | Hermite
544  | 964  | 279  | 1.00   | Hermite
545  | 965  | 279  | 1.00   | Hermite
546  | 966  | 280  | 1.00   | Hermite
547  | 967  | 280  | 1.00   | Hermite
548  | 968  | 281  | 1.00   | Hermite
549  | 969  | 281  | 1.00   | Hermite
550  | 969  | 282  | 1.00   | Hermite
551  | 970  | 282  | 1.00   | Hermite
552  | 971  | 283  | 1.00   | Hermite
553  | 972  | 283  | 1.00   | Hermite
554  | 973  | 284  | 1.00   | Hermite
555  | 974  | 284  | 1.00   | Hermite
556  | 975  | 285  | 1.00   | Hermite
557  | 976  | 285  | 1.00   | Hermite
558  | 977  | 286  | 1.00   | Hermite
559  | 978  | 286  | 1.00   | Hermite
560  | 978  | 287  | 1.00   | Hermite
561  | 979  | 287  | 1.00   | Hermite
562  | 980  | 288  | 1.00   | Hermite
563  | 981  | 288  | 1.00   | Hermite
564  | 982  | 289  | 1.00   | Hermite
565  | 983  | 290  | 1.00   | Hermite
566  | 984  | 290  | 1.00   | Hermite
567  | 985  | 291  | 1.00   | Hermite
568  | 986  | 291  | 1.00   | Hermite
569  | 986  | 292  | 1.00   | Hermite
570  | 987  | 292  | 1.00   | Hermite
571  | 988  | 293  | 1.00   | Hermite
572  | 989  | 293  | 1.00   | Hermite
573  | 990  | 294  | 1.00   | Hermite
574  | 991  | 294  | 1.00   | Hermite
575  | 992  | 295  | 1.00   | Hermite
576  | 993  | 295  | 1.00   | Hermite
577  | 994  | 296  | 1.00   | Hermite
578  | 995  | 296  | 1.00   | Hermite
579  | 995  | 297  | 1.00   | Hermite
580  | 996  | 297  | 1.00   | Hermite
581  | 997  | 298  | 1.00   | Hermite
582  | 998  | 298  | 1.00   | Hermite
583  | 999  | 299  | 1.00   | Hermite
584  | 1000 | 299  | 1.00   | Hermite
585  | 1001 | 300  | 1.00   | Hermite
586  | 1002 | 300  | 1.00   | Hermite
587  | 1003 | 301  | 1.00   | Hermite
588  | 1003 | 301  | 1.00   | Hermite
589  | 1004 | 302  | 1.00   | Hermite
590  | 1005 | 302  | 1.00   | Hermite
591  | 1006 | 303  | 1.00   | Hermite
592  | 1007 | 303  | 1.00   | Hermite
593  | 1008 | 304  | 1.00   | Hermite
594  | 1009 | 304  | 1.00   | Hermite
595  | 1010 | 305  | 1.00   | Hermite
596  | 1010 | 305  | 1.00   | Hermite
597  | 1011 | 306  | 1.00   | Hermite
598  | 1012 | 306  | 1.00   | Hermite
599  | 1013 | 307  | 1.00   | Hermite
600  | 1014 | 307  | 1.00   | Hermite
601  | 1015 | 308  | 1.00   | Hermite
602  | 1016 | 308  | 1.00   | Hermite
603  | 1017 | 309  | 1.00   | Hermite
604  | 1017 | 309  | 1.00   | Hermite
605  | 1018 | 310  | 1.00   | Hermite
606  | 1019 | 310  | 1.00   | Hermite
607  | 1020 | 311  | 1.00   | Hermite
608  | 1021 | 311  | 1.00   | Hermite
609  | 1022 | 312  | 1.00   | Hermite
610  | 1023 | 312  | 1.00   | Hermite
611  | 1024 | 313  | 1.00   | Hermite
612  | 1024 | 313  | 1.00   | Hermite
613  | 1025 | 314  | 1.00   | Hermite
614  | 1026 | 314  | 1.00   | Hermite
615  | 1027 | 315  | 1.00   | Hermite
616  | 1028 | 315  | 1.00   | Hermite
617  | 1029 | 316  | 1.00   | Hermite
618  | 1030 | 316  | 1.00   | Hermite
619  | 1030 | 317  | 1.00   | Hermite
620  | 1031 | 317  | 1.00   | Hermite
621  | 1032 | 318  | 1.00   | Hermite
622  | 1033 | 318  | 1.00   | Hermite
623  | 1034 | 318  | 1.00   | Hermite
624  | 1035 | 319  | 1.00   | Hermite
625  | 1036 | 319  | 1.00   | Hermite
626  | 1036 | 320  | 1.00   | Hermite
627  | 1037 | 320  | 1.00   | Hermite
628  | 1038 | 321  | 1.00   | Hermite
629  | 1039 | 321  | 1.00   | Hermite
630  | 1040 | 322  | 1.00   | Hermite
631  | 1041 | 322  | 1.00   | Hermite
632  | 1042 | 323  | 1.00   | Hermite
633  | 1042 | 323  | 1.00   | Hermite
634  | 1043 | 324  | 1.00   | Hermite
635  | 1044 | 324  | 1.00   | Hermite
636  | 1045 | 325  | 1.00   | Hermite
637  | 1046 | 325  | 1.00   | Hermite
638  | 1047 | 326  | 1.00   | Hermite
639  | 1047 | 326  | 1.00   | Hermite
640  | 1048 | 327  | 1.00   | Hermite
641  | 1049 | 327  | 1.00   | Hermite
642  | 1050 | 328  | 1.00   | Hermite
643  | 1051 | 328  | 1.00   | Hermite
644  | 1052 | 329  | 1.00   | Hermite
645  | 1052 | 329  | 1.00   | Hermite
646  | 1053 | 330  | 1.00   | Hermite
647  | 1054 | 330  | 1.00   | Hermite
648  | 1055 | 331  | 1.00   | Hermite
649  | 1056 | 331  | 1.00   | Hermite
650  | 1057 | 331  | 1.00   | Hermite
651  | 1057 | 332  | 1.00   | Hermite
652  | 1058 | 332  | 1.00   | Hermite
653  | 1059 | 333  | 1.00   | Hermite
654  | 1060 | 333  | 1.00   | Hermite
655  | 1061 | 334  | 1.00   | Hermite
656  | 1062 | 334  | 1.00   | Hermite
657  | 1062 | 335  | 1.00   | Hermite
658  | 1063 | 335  | 1.00   | Hermite
659  | 1064 | 336  | 1.00   | Hermite
660  | 1065 | 336  | 1.00   | Hermite
661  | 1066 | 337  | 1.00   | Hermite
662  | 1067 | 337  | 1.00   | Hermite
663  | 1067 | 338  | 1.00   | Hermite
664  | 1068 | 338  | 1.00   | Hermite
665  | 1069 | 338  | 1.00   | Hermite
666  | 1070 | 339  | 1.00   | Hermite
667  | 1071 | 339  | 1.00   | Hermite
668  | 1071 | 340  | 1.00   | Hermite
669  | 1072 | 340  | 1.00   | Hermite
670  | 1073 | 341  | 1.00   | Hermite
671  | 1074 | 341  | 1.00   | Hermite
672  | 1075 | 342  | 1.00   | Hermite
673  | 1075 | 342  | 1.00   | Hermite
674  | 1076 | 343  | 1.00   | Hermite
675  | 1077 | 343  | 1.00   | Hermite
676  | 1078 | 343  | 1.00   | Hermite
677  | 1079 | 344  | 1.00   | Hermite
678  | 1079 | 344  | 1.00   | Hermite
679  | 1080 | 345  | 1.00   | Hermite
680  | 1081 | 345  | 1.00   | Hermite
681  | 1082 | 346  | 1.00   | Hermite
682  | 1083 | 346  | 1.00   | Hermite
683  | 1083 | 347  | 1.00   | Hermite
684  | 1084 | 347  | 1.00   | Hermite
685  | 1085 | 348  | 1.00   | Hermite
686  | 1086 | 348  | 1.00   | Hermite
687  | 1087 | 348  | 1.00   | Hermite
688  | 1087 | 349  | 1.00   | Hermite
689  | 1088 | 349  | 1.00   | Hermite
690  | 1089 | 350  | 1.00   | Hermite
691  | 1090 | 350  | 1.00   | Hermite
692  | 1090 | 351  | 1.00   | Hermite
693  | 1091 | 351  | 1.00   | Hermite
694  | 1092 | 352  | 1.00   | Hermite
695  | 1093 | 352  | 1.00   | Hermite
696  | 1094 | 352  | 1.00   | Hermite
697  | 1094 | 353  | 1.00   | Hermite
698  | 1095 | 353  | 1.00   | Hermite
699  | 1096 | 354  | 1.00   | Hermite
700  | 1097 | 354  | 1.00   | Hermite
701  | 1097 | 355  | 1.00   | Hermite
702  | 1098 | 355  | 1.00   | Hermite
703  | 1099 | 355  | 1.00   | Hermite
704  | 1100 | 356  | 1.00   | Hermite
705  | 1100 | 356  | 1.00   | Hermite
706  | 1101 | 357  | 1.00   | Hermite
707  | 1102 | 357  | 1.00   | Hermite
708  | 1103 | 358  | 1.00   | Hermite
709  | 1103 | 358  | 1.00   | Hermite
710  | 1104 | 358  | 1.00   | Hermite
711  | 1105 | 359  | 1.00   | Hermite
712  | 1106 | 359  | 1.00   | Hermite
713  | 1106 | 360  | 1.00   | Hermite
714  | 1107 | 360  | 1.00   | Hermite
715  | 1108 | 361  | 1.00   | Hermite
716  | 1109 | 361  | 1.00   | Hermite
717  | 1109 | 361  | 1.00   | Hermite
718  | 1110 | 362  | 1.00   | Hermite
719  | 1111 | 362  | 1.00   | Hermite
720  | 1112 | 363  | 1.00   | Hermite
721  | 1112 | 363  | 1.00   | Hermite
722  | 1113 | 364  | 1.00   | Hermite
723  | 1114 | 364  | 1.00   | Hermite
724  | 1115 | 364  | 1.00   | Hermite
725  | 1115 | 365  | 1.00   | Hermite
726  | 1116 | 365  | 1.00   | Hermite
727  | 1117 | 366  | 1.00   | Hermite
728  | 1117 | 366  | 1.00   | Hermite
729  | 1118 | 366  | 1.00   | Hermite
730  | 1119 | 367  | 1.00   | Hermite
731  | 1120 | 367  | 1.00   | Hermite
732  | 1120 | 368  | 1.00   | Hermite
733  | 1121 | 368  | 1.00   | Hermite
734  | 1122 | 368  | 1.00   | Hermite
735  | 1122 | 369  | 1.00   | Hermite
736  | 1123 | 369  | 1.00   | Hermite
737  | 1124 | 370  | 1.00   | Hermite
738  | 1125 | 370  | 1.00   | Hermite
739  | 1125 | 371  | 1.00   | Hermite
740  | 1126 | 371  | 1.00   | Hermite
741  | 1127 | 371  | 1.00   | Hermite
742  | 1127 | 372  | 1.00   | Hermite
743  | 1128 | 372  | 1.00   | Hermite
744  | 1129 | 372  | 1.00   | Hermite
745  | 1129 | 373  | 1.00   | Hermite
746  | 1130 | 373  | 1.00   | Hermite
747  | 1131 | 374  | 1.00   | Hermite
748  | 1132 | 374  | 1.00   | Hermite
749  | 1132 | 374  | 1.00   | Hermite
750  | 1133 | 375  | 1.00   | Hermite
751  | 1134 | 375  | 1.00   | Hermite
752  | 1134 | 376  | 1.00   | Hermite
753  | 1135 | 376  | 1.00   | Hermite
754  | 1136 | 376  | 1.00   | Hermite
755  | 1136 | 377  | 1.00   | Hermite
756  | 1137 | 377  | 1.00   | Hermite
757  | 1138 | 378  | 1.00   | Hermite
758  | 1138 | 378  | 1.00   | Hermite
759  | 1139 | 378  | 1.00   | Hermite
760  | 1140 | 379  | 1.00   | Hermite
761  | 1140 | 379  | 1.00   | Hermite
762  | 1141 | 379  | 1.00   | Hermite
763  | 1142 | 380  | 1.00   | Hermite
764  | 1142 | 380  | 1.00   | Hermite
765  | 1143 | 381  | 1.00   | Hermite
766  | 1144 | 381  | 1.00   | Hermite
767  | 1144 | 381  | 1.00   | Hermite
768  | 1145 | 382  | 1.00   | Hermite
769  | 1146 | 382  | 1.00   | Hermite
770  | 1146 | 382  | 1.00   | Hermite
771  | 1147 | 383  | 1.00   | Hermite
772  | 1147 | 383  | 1.00   | Hermite
773  | 1148 | 384  | 1.00   | Hermite
774  | 1149 | 384  | 1.00   | Hermite
775  | 1149 | 384  | 1.00   | Hermite
776  | 1150 | 385  | 1.00   | Hermite
777  | 1151 | 385  | 1.00   | Hermite
778  | 1151 | 385  | 1.00   | Hermite
779  | 1152 | 386  | 1.00   | Hermite
780  | 1153 | 386  | 1.00   | Hermite
781  | 1153 | 386  | 1.00   | Hermite
782  | 1154 | 387  | 1.00   | Hermite
783  | 1154 | 387  | 1.00   | Hermite
784  | 1155 | 387  | 1.00   | Hermite
785  | 1156 | 388  | 1.00   | Hermite
786  | 1156 | 388  | 1.00   | Hermite
787  | 1157 | 388  | 1.00   | Hermite
788  | 1158 | 389  | 1.00   | Hermite
789  | 1158 | 389  | 1.00   | Hermite
790  | 1159 | 390  | 1.00   | Hermite
791  | 1159 | 390  | 1.00   | Hermite
792  | 1160 | 390  | 1.00   | Hermite
793  | 1161 | 391  | 1.00   | Hermite
794  | 1161 | 391  | 1.00   | Hermite
795  | 1162 | 391  | 1.00   | Hermite
796  | 1162 | 392  | 1.00   | Hermite
797  | 1163 | 392  | 1.00   | Hermite
798  | 1164 | 392  | 1.00   | Hermite
799  | 1164 | 393  | 1.00   | Hermite
800  | 1165 | 393  | 1.00   | Hermite
801  | 1165 | 393  | 1.00   | Hermite
802  | 1166 | 394  | 1.00   | Hermite
803  | 1166 | 394  | 1.00   | Hermite
804  | 1167 | 394  | 1.00   | Hermite
805  | 1168 | 395  | 1.00   | Hermite
806  | 1168 | 395  | 1.00   | Hermite
807  | 1169 | 395  | 1.00   | Hermite
808  | 1169 | 396  | 1.00   | Hermite
809  | 1170 | 396  | 1.00   | Hermite
810  | 1170 | 396  | 1.00   | Hermite
811  | 1171 | 396  | 1.00   | Hermite
812  | 1172 | 397  | 1.00   | Hermite
813  | 1172 | 397  | 1.00   | Hermite
814  | 1173 | 397  | 1.00   | Hermite
815  | 1173 | 398  | 1.00   | Hermite
816  | 1174 | 398  | 1.00   | Hermite
817  | 1174 | 398  | 1.00   | Hermite
818  | 1175 | 399  | 1.00   | Hermite
819  | 1175 | 399  | 1.00   | Hermite
820  | 1176 | 399  | 1.00   | Hermite
821  | 1176 | 400  | 1.00   | Hermite
822  | 1177 | 400  | 1.00   | Hermite
823  | 1178 | 400  | 1.00   | Hermite
824  | 1178 | 401  | 1.00   | Hermite
825  | 1179 | 401  | 1.00   | Hermite
826  | 1179 | 401  | 1.00   | Hermite
827  | 1180 | 401  | 1.00   | Hermite
828  | 1180 | 402  | 1.00   | Hermite
829  | 1181 | 402  | 1.00   | Hermite
830  | 1181 | 402  | 1.00   | Hermite
831  | 1182 | 403  | 1.00   | Hermite
832  | 1182 | 403  | 1.00   | Hermite
833  | 1183 | 403  | 1.00   | Hermite
834  | 1183 | 403  | 1.00   | Hermite
835  | 1184 | 404  | 1.00   | Hermite
836  | 1184 | 404  | 1.00   | Hermite
837  | 1185 | 404  | 1.00   | Hermite
838  | 1185 | 405  | 1.00   | Hermite
839  | 1186 | 405  | 1.00   | Hermite
840  | 1186 | 405  | 1.00   | Hermite
841  | 1187 | 405  | 1.00   | Hermite
842  | 1187 | 406  | 1.00   | Hermite
843  | 1188 | 406  | 1.00   | Hermite
844  | 1188 | 406  | 1.00   | Hermite
845  | 1189 | 407  | 1.00   | Hermite
846  | 1189 | 407  | 1.00   | Hermite
847  | 1190 | 407  | 1.00   | Hermite
848  | 1190 | 407  | 1.00   | Hermite
849  | 1191 | 408  | 1.00   | Hermite
850  | 1191 | 408  | 1.00   | Hermite
851  | 1191 | 408  | 1.00   | Hermite
852  | 1192 | 408  | 1.00   | Hermite
853  | 1192 | 409  | 1.00   | Hermite
854  | 1193 | 409  | 1.00   | Hermite
855  | 1193 | 409  | 1.00   | Hermite
856  | 1194 | 409  | 1.00   | Hermite
857  | 1194 | 410  | 1.00   | Hermite
858  | 1195 | 410  | 1.00   | Hermite
859  | 1195 | 410  | 1.00   | Hermite
860  | 1195 | 410  | 1.00   | Hermite
861  | 1196 | 411  | 1.00   | Hermite
862  | 1196 | 411  | 1.00   | Hermite
863  | 1197 | 411  | 1.00   | Hermite
864  | 1197 | 411  | 1.00   | Hermite
865  | 1198 | 412  | 1.00   | Hermite
866  | 1198 | 412  | 1.00   | Hermite
867  | 1199 | 412  | 1.00   | Hermite
868  | 1199 | 412  | 1.00   | Hermite
869  | 1199 | 413  | 1.00   | Hermite
870  | 1200 | 413  | 1.00   | Hermite
871  | 1200 | 413  | 1.00   | Hermite
872  | 1201 | 413  | 1.00   | Hermite
873  | 1201 | 414  | 1.00   | Hermite
874  | 1201 | 414  | 1.00   | Hermite
875  | 1202 | 414  | 1.00   | Hermite
876  | 1202 | 414  | 1.00   | Hermite
877  | 1203 | 415  | 1.00   | Hermite
878  | 1203 | 415  | 1.00   | Hermite
879  | 1203 | 415  | 1.00   | Hermite
880  | 1204 | 415  | 1.00   | Hermite
881  | 1204 | 415  | 1.00   | Hermite
882  | 1205 | 416  | 1.00   | Hermite
883  | 1205 | 416  | 1.00   | Hermite
884  | 1205 | 416  | 1.00   | Hermite
885  | 1206 | 416  | 1.00   | Hermite
886  | 1206 | 416  | 1.00   | Hermite
887  | 1206 | 417  | 1.00   | Hermite
888  | 1207 | 417  | 1.00   | Hermite
889  | 1207 | 417  | 1.00   | Hermite
890  | 1207 | 417  | 1.00   | Hermite
891  | 1208 | 417  | 1.00   | Hermite
892  | 1208 | 418  | 1.00   | Hermite
893  | 1209 | 418  | 1.00   | Hermite
894  | 1209 | 418  | 1.00   | Hermite
895  | 1209 | 418  | 1.00   | Hermite
896  | 1210 | 418  | 1.00   | Hermite
897  | 1210 | 419  | 1.00   | Hermite
898  | 1210 | 419  | 1.00   | Hermite
899  | 1211 | 419  | 1.00   | Hermite
900  | 1211 | 419  | 1.00   | Hermite
901  | 1211 | 419  | 1.00   | Hermite
902  | 1212 | 420  | 1.00   | Hermite
903  | 1212 | 420  | 1.00   | Hermite
904  | 1212 | 420  | 1.00   | Hermite
905  | 1213 | 420  | 1.00   | Hermite
906  | 1213 | 420  | 1.00   | Hermite
907  | 1213 | 421  | 1.00   | Hermite
908  | 1213 | 421  | 1.00   | Hermite
909  | 1214 | 421  | 1.00   | Hermite
910  | 1214 | 421  | 1.00   | Hermite
911  | 1214 | 421  | 1.00   | Hermite
912  | 1215 | 421  | 1.00   | Hermite
913  | 1215 | 422  | 1.00   | Hermite
914  | 1215 | 422  | 1.00   | Hermite
915  | 1216 | 422  | 1.00   | Hermite
916  | 1216 | 422  | 1.00   | Hermite
917  | 1216 | 422  | 1.00   | Hermite
918  | 1216 | 422  | 1.00   | Hermite
919  | 1217 | 422  | 1.00   | Hermite
920  | 1217 | 423  | 1.00   | Hermite
921  | 1217 | 423  | 1.00   | Hermite
922  | 1217 | 423  | 1.00   | Hermite
923  | 1218 | 423  | 1.00   | Hermite
924  | 1218 | 423  | 1.00   | Hermite
925  | 1218 | 423  | 1.00   | Hermite
926  | 1218 | 424  | 1.00   | Hermite
927  | 1219 | 424  | 1.00   | Hermite
928  | 1219 | 424  | 1.00   | Hermite
929  | 1219 | 424  | 1.00   | Hermite
930  | 1219 | 424  | 1.00   | Hermite
931  | 1220 | 424  | 1.00   | Hermite
932  | 1220 | 424  | 1.00   | Hermite
933  | 1220 | 424  | 1.00   | Hermite
934  | 1220 | 425  | 1.00   | Hermite
935  | 1221 | 425  | 1.00   | Hermite
936  | 1221 | 425  | 1.00   | Hermite
937  | 1221 | 425  | 1.00   | Hermite
938  | 1221 | 425  | 1.00   | Hermite
939  | 1221 | 425  | 1.00   | Hermite
940  | 1222 | 425  | 1.00   | Hermite
941  | 1222 | 425  | 1.00   | Hermite
942  | 1222 | 426  | 1.00   | Hermite
943  | 1222 | 426  | 1.00   | Hermite
944  | 1222 | 426  | 1.00   | Hermite
945  | 1223 | 426  | 1.00   | Hermite
946  | 1223 | 426  | 1.00   | Hermite
947  | 1223 | 426  | 1.00   | Hermite
948  | 1223 | 426  | 1.00   | Hermite
949  | 1223 | 426  | 1.00   | Hermite
950  | 1224 | 426  | 1.00   | Hermite
951  | 1224 | 427  | 1.00   | Hermite
952  | 1224 | 427  | 1.00   | Hermite
953  | 1224 | 427  | 1.00   | Hermite
954  | 1224 | 427  | 1.00   | Hermite
955  | 1224 | 427  | 1.00   | Hermite
956  | 1225 | 427  | 1.00   | Hermite
957  | 1225 | 427  | 1.00   | Hermite
958  | 1225 | 427  | 1.00   | Hermite
959  | 1225 | 427  | 1.00   | Hermite
960  | 1225 | 427  | 1.00   | Hermite
961  | 1225 | 427  | 1.00   | Hermite
962  | 1225 | 428  | 1.00   | Hermite
963  | 1226 | 428  | 1.00   | Hermite
964  | 1226 | 428  | 1.00   | Hermite
965  | 1226 | 428  | 1.00   | Hermite
966  | 1226 | 428  | 1.00   | Hermite
967  | 1226 | 428  | 1.00   | Hermite
968  | 1226 | 428  | 1.00   | Hermite
969  | 1226 | 428  | 1.00   | Hermite
970  | 1226 | 428  | 1.00   | Hermite
971  | 1226 | 428  | 1.00   | Hermite
972  | 1227 | 428  | 1.00   | Hermite
973  | 1227 | 428  | 1.00   | Hermite
974  | 1227 | 428  | 1.00   | Hermite
975  | 1227 | 428  | 1.00   | Hermite
976  | 1227 | 428  | 1.00   | Hermite
977  | 1227 | 428  | 1.00   | Hermite
978  | 1227 | 428  | 1.00   | Hermite
979  | 1227 | 429  | 1.00   | Hermite
980  | 1227 | 429  | 1.00   | Hermite
981  | 1227 | 429  | 1.00   | Hermite
982  | 1227 | 429  | 1.00   | Hermite
983  | 1227 | 429  | 1.00   | Hermite
984  | 1228 | 429  | 1.00   | Hermite
985  | 1228 | 429  | 1.00   | Hermite
986  | 1228 | 429  | 1.00   | Hermite
987  | 1228 | 429  | 1.00   | Hermite
988  | 1228 | 429  | 1.00   | Hermite
989  | 1228 | 429  | 1.00   | Hermite
990  | 1228 | 429  | 1.00   | Hermite
991  | 1228 | 429  | 1.00   | Hermite
992  | 1228 | 429  | 1.00   | Hermite
993  | 1228 | 429  | 1.00   | Hermite
994  | 1228 | 429  | 1.00   | Hermite
995  | 1228 | 429  | 1.00   | Hermite
996  | 1228 | 429  | 1.00   | Hermite
997  | 1228 | 429  | 1.00   | Hermite
998  | 1228 | 429  | 1.00   | Hermite
999  | 1228 | 429  | 1.00   | Hermite
1000 | 1228 | 429  | 1.00   | Hermite
=======================================================

